Id,BirthYear,DeathYear,Age,Group
진안대군,1354,1393,39,Prince
익안대군,1360,1404,44,Prince
회안대군,1364,1421,57,Prince
무안대군,1381,1398,17,Prince
의안대군,1382,1398,16,Prince
종의군,1393,1451,58,Prince
양녕대군,1394,1462,68,Prince
경녕군,1395,1458,63,Prince
효령대군,1396,1486,90,Prince
덕천군,1397,1465,68,Prince
석보군,1399,1447,48,Prince
임언군,1399,1432,33,Prince
도평군,1402,1439,37,Prince
성녕대군,1405,1418,13,Prince
진남군,1406,1470,64,Prince
온녕군,1407,1453,46,Prince
혜령군,1407,1440,33,Prince
정석군,1409,1464,55,Prince
무림군,1410,1474,64,Prince
근녕군,1411,1462,51,Prince
안평대군,1418,1453,35,Prince
임영대군,1419,1469,50,Prince
익녕군,1422,1464,42,Prince
광평대군,1425,1444,19,Prince
화의군,1425,1460,35,Prince
금성대군,1426,1457,31,Prince
계양군,1427,1464,37,Prince
평원대군,1427,1445,18,Prince
한남군,1429,1459,30,Prince
수춘군,1430,1457,27,Prince
익현군,1431,1463,32,Prince
영응대군,1434,1467,33,Prince
영풍군,1434,1456,22,Prince
영해군,1435,1477,42,Prince
조선덕종,1438,1457,19,Prince
덕원군,1449,1498,49,Prince
월산대군,1454,1488,34,Prince
창원군,1458,1484,26,Prince
인성대군,1461,1463,2,Prince
제안대군,1466,1525,59,Prince
계성군,1478,1504,26,Prince
완원군,1480,1509,29,Prince
회산군,1481,1512,31,Prince
견성군(성종),1482,1507,25,Prince
봉안군,1482,1505,23,Prince
익양군,1488,1552,64,Prince
경명군,1489,1526,37,Prince
이성군,1489,1552,63,Prince
무산군,1490,1525,35,Prince
영산군,1490,1538,48,Prince
운천군,1490,1524,34,Prince
전성군,1490,1505,15,Prince
양원군,1492,1551,59,Prince
복성군,1509,1533,24,Prince
영양군,1521,1561,40,Prince
덕흥대원군,1530,1559,29,Prince
의안군,1577,1588,11,Prince
신성군,1578,1592,14,Prince
순화군,1580,1607,27,Prince
조선원종,1580,1619,39,Prince
의창군,1589,1654,65,Prince
흥안군,1598,1624,26,Prince
영창대군,1606,1614,8,Prince
인평대군,1622,1658,36,Prince
용성대군,1625,1629,4,Prince
숭선군,1639,1690,51,Prince
연령군,1699,1719,20,Prince
은언군,1755,1801,46,Prince
은신군,1756,1771,15,Prince
완친왕,1868,1880,12,Prince
의친왕,1877,1955,78,Prince
의민태자,1897,1970,73,Prince
E6-5-11,1556,1635,79,Eunuch
E7-1-1,1575,1639,64,Eunuch
E8-1-2,1602,1678,76,Eunuch
E8-4-1,1611,1689,78,Eunuch
E8-4-2,1613,1687,74,Eunuch
E8-5-2,1651,1721,70,Eunuch
E8-10-2,1630,1693,63,Eunuch
E9-2-2,1635,1703,68,Eunuch
E9-5-1,1654,1732,78,Eunuch
E9-7-1,1664,1725,61,Eunuch
E9-9-1,1673,1733,60,Eunuch
E10-1-1,1649,1709,60,Eunuch
E10-1-2,1656,1710,54,Eunuch
E10-2-1,1660,1732,72,Eunuch
E10-11-1,1685,1751,66,Eunuch
E10-14-2,1705,1768,63,Eunuch
E11-1-1,1670,1771,101,Eunuch
E11-2-1,1615,1664,49,Eunuch
E11-2-2,1685,1775,90,Eunuch
E11-2-3,1684,1731,47,Eunuch
E11-3-1,1684,1731,47,Eunuch
E11-3-2,1692,1757,65,Eunuch
E11-4-1,1701,1728,27,Eunuch
E11-5-1,1687,1771,84,Eunuch
E11-10-1,1725,1796,71,Eunuch
E11-15-2,1655,1736,81,Eunuch
E11-30-1,1726,1795,69,Eunuch
E12-1-1,1728,1780,52,Eunuch
E12-2-1,1759,1823,64,Eunuch
E12-3-1,1746,1809,63,Eunuch
E12-4-2,1719,1764,45,Eunuch
E12-5-1,1707,1742,35,Eunuch
E12-5-2,1708,1781,73,Eunuch
E12-7-1,1725,1764,39,Eunuch
E12-9-2,1715,1814,99,Eunuch
E12-14-1,1755,1842,87,Eunuch
E12-22-1,1744,1815,71,Eunuch
E12-38-2,1744,1816,72,Eunuch
E13-1-1,1737,1811,74,Eunuch
E13-4-1,1740,1832,92,Eunuch
E13-6-1,1746,1825,79,Eunuch
E13-7-1,1734,1831,97,Eunuch
E13-8-1,1740,1814,74,Eunuch
E13-8-2,1741,1816,75,Eunuch
E13-16-1,1824,1884,60,Eunuch
E13-17-1,1762,1839,77,Eunuch
E13-24-1,1788,1849,61,Eunuch
E13-37-1,1777,1854,77,Eunuch
E14-4-1,1740,1793,53,Eunuch
E14-5-1,1827,1875,48,Eunuch
E14-6-1,1737,1819,82,Eunuch
E14-7-1,1761,1819,58,Eunuch
E14-8-1,1751,1801,50,Eunuch
E14-9-1,1761,1832,71,Eunuch
E14-10-1,1759,1834,75,Eunuch
E14-16-1,1735,1835,100,Eunuch
E14-19-1,1790,1872,82,Eunuch
E14-28-1,1743,1794,51,Eunuch
E14-29-1,1827,1897,70,Eunuch
E14-35-1,1826,1899,73,Eunuch
E14-37-1,1791,1880,89,Eunuch
E14-40-1,1820,1882,62,Eunuch
E14-43-1,1803,1882,79,Eunuch
E14-45-2,1823,1914,91,Eunuch
E14-46-1,1816,1886,70,Eunuch
E15-7-1,1783,1824,41,Eunuch
E15-7-2,1797,1876,79,Eunuch
E15-8-1,1767,1828,61,Eunuch
E15-9-1,1779,1854,75,Eunuch
E15-10-1,1833,1913,80,Eunuch
E15-10-2,1784,1893,109,Eunuch
E15-17-1,1798,1890,92,Eunuch
E15-20-1,1813,1898,85,Eunuch
E15-23-1,1836,1917,81,Eunuch
E15-29-1,1831,1913,82,Eunuch
E15-30-1,1845,1919,74,Eunuch
E15-34-2,1861,1918,57,Eunuch
E15-36-1,1816,1874,58,Eunuch
E15-40-2,1831,1904,73,Eunuch
E15-41-1,1836,1919,83,Eunuch
E15-44-1,1852,1908,56,Eunuch
SE2,1547,1628,81,O_family
SE3,1576,1605,29,O_family
SE5,1602,1671,69,O_family
SE6,1618,1681,63,O_family
SE7,1627,1698,71,O_family
SE8,1629,1683,54,O_family
SE10,1634,1704,70,O_family
SE14,1659,1720,61,O_family
SE15,1661,1733,72,O_family
SE16,1664,1729,65,O_family
SE19,1690,1750,60,O_family
SE20,1696,1731,35,O_family
SE24,1708,1777,69,O_family
SE25,1718,1765,47,O_family
SE26,1721,1783,62,O_family
SE27,1756,1803,47,O_family
SE28,1758,1803,45,O_family
SE29,1769,1804,35,O_family
SE30,1769,1793,24,O_family
SE31,1747,1791,44,O_family
SE32,1750,1807,57,O_family
SE33,1758,1821,63,O_family
SE34,1761,1809,48,O_family
SE35,1754,1798,44,O_family
SE36,1758,1822,64,O_family
SE37,1785,1822,37,O_family
SE38,1782,1824,42,O_family
SE39,1784,1822,38,O_family
SE40,1791,1831,40,O_family
SE41,1792,1844,52,O_family
SE42,1796,1858,62,O_family
SE43,1802,1835,33,O_family
SE45,1770,1816,46,O_family
SE47,1769,1841,72,O_family
SE48,1786,1821,35,O_family
SE49,1788,1816,28,O_family
SE50,1793,1860,67,O_family
SE52,1786,1842,56,O_family
SE53,1791,1841,50,O_family
SE54,1793,1868,75,O_family
SE55,1805,1838,33,O_family
SE62,1826,1876,50,O_family
SE66,1810,1861,51,O_family
SE67,1797,1817,20,O_family
SE68,1804,1865,61,O_family
SE72,1809,1864,55,O_family
SE73,1824,1870,46,O_family
SE76,1811,1851,40,O_family
SE98,1844,1870,26,O_family
MO1055,1561,1592,31,K_family
MO1056,1563,1593,30,K_family
MO1062,1572,1641,69,K_family
MO1060,1572,1652,80,K_family
MO1061,1572,1642,70,K_family
MO1058,1572,1661,89,K_family
MO1059,1572,1661,89,K_family
MO1064,1574,1619,45,K_family
MO1065,1583,1647,64,K_family
MO1066,1583,1646,63,K_family
MO1067,1584,1626,42,K_family
MO1068,1585,1654,69,K_family
MO1070,1586,1646,60,K_family
MO1069,1586,1664,78,K_family
MO1072,1588,1664,76,K_family
MO1073,1596,1651,55,K_family
MO1075,1597,1647,50,K_family
MO1074,1597,1673,76,K_family
MO1078,1605,1662,57,K_family
MO1080,1606,1689,83,K_family
MO1081,1606,1662,56,K_family
MO1082,1607,1707,100,K_family
MO1084,1609,1661,52,K_family
MO1083,1609,1665,56,K_family
MO1086,1611,1666,55,K_family
MO1085,1611,1671,60,K_family
MO1087,1611,1645,34,K_family
MO1088,1613,1672,59,K_family
MO1089,1616,1693,77,K_family
MO1090,1617,1670,53,K_family
MO1092,1618,1691,73,K_family
MO1093,1619,1694,75,K_family
MO1095,1620,1679,59,K_family
MO1096,1621,1657,36,K_family
MO1097,1622,1676,54,K_family
MO1098,1623,1698,75,K_family
MO1099,1624,1658,34,K_family
MO1101,1625,1654,29,K_family
MO1100,1625,1702,77,K_family
MO1103,1626,1699,73,K_family
MO1104,1627,1667,40,K_family
MO1106,1629,1689,60,K_family
MO1107,1629,1646,17,K_family
MO1105,1629,1708,79,K_family
MO1108,1630,1711,81,K_family
MO1111,1630,1679,49,K_family
MO1110,1630,1686,56,K_family
MO1109,1630,1687,57,K_family
MO1114,1632,1657,25,K_family
MO1113,1632,1696,64,K_family
MO1116,1634,1697,63,K_family
MO1118,1634,1657,23,K_family
MO1117,1634,1676,42,K_family
MO1120,1636,1705,69,K_family
MO1121,1636,1692,56,K_family
MO1122,1637,1701,64,K_family
MO1123,1638,1698,60,K_family
MO1125,1641,1676,35,K_family
MO1127,1642,1713,71,K_family
MO1128,1644,1714,70,K_family
MO1129,1644,1705,61,K_family
MO1131,1645,1706,61,K_family
MO1132,1645,1695,50,K_family
MO1133,1645,1689,44,K_family
MO1134,1646,1718,72,K_family
MO1136,1646,1716,70,K_family
MO1135,1646,1716,70,K_family
MO1137,1648,1667,19,K_family
MO1138,1649,1738,89,K_family
MO1140,1650,1676,26,K_family
MO1139,1650,1734,84,K_family
MO1141,1651,1682,31,K_family
MO1142,1651,1681,30,K_family
MO1148,1652,1689,37,K_family
MO1145,1652,1730,78,K_family
MO1147,1652,1707,55,K_family
MO1146,1652,1711,59,K_family
MO1144,1652,1734,82,K_family
MO1149,1653,1718,65,K_family
MO1150,1653,1706,53,K_family
MO1153,1654,1707,53,K_family
MO1152,1654,1713,59,K_family
MO1154,1654,1696,42,K_family
MO1158,1655,1679,24,K_family
MO1157,1655,1697,42,K_family
MO1156,1655,1706,51,K_family
MO1160,1656,1718,62,K_family
MO1161,1657,1727,70,K_family
MO1162,1657,1705,48,K_family
MO1164,1658,1704,46,K_family
MO1163,1658,1745,87,K_family
MO1168,1659,1715,56,K_family
MO1167,1659,1735,76,K_family
MO1169,1659,1704,45,K_family
MO1170,1660,1679,19,K_family
MO1173,1661,1736,75,K_family
MO1175,1661,1725,64,K_family
MO1174,1661,1734,73,K_family
MO1177,1662,1748,86,K_family
MO1178,1662,1698,36,K_family
MO1180,1663,1757,94,K_family
MO1181,1664,1689,25,K_family
MO1182,1665,1723,58,K_family
MO1184,1666,1706,40,K_family
MO1187,1667,1728,61,K_family
MO1186,1667,1753,86,K_family
MO1191,1668,1689,21,K_family
MO1190,1668,1730,62,K_family
MO1189,1668,1750,82,K_family
MO1188,1668,1758,90,K_family
MO1193,1669,1756,87,K_family
MO1195,1669,1725,56,K_family
MO1194,1669,1742,73,K_family
MO1196,1669,1702,33,K_family
MO1199,1670,1691,21,K_family
MO1198,1670,1701,31,K_family
MO1200,1671,1719,48,K_family
MO1201,1671,1717,46,K_family
MO1203,1672,1751,79,K_family
MO1204,1672,1718,46,K_family
MO1210,1673,1703,30,K_family
MO1209,1673,1730,57,K_family
MO1207,1673,1730,57,K_family
MO1205,1673,1758,85,K_family
MO1206,1673,1732,59,K_family
MO1208,1673,1730,57,K_family
MO1213,1674,1702,28,K_family
MO1212,1674,1743,69,K_family
MO1215,1675,1751,76,K_family
MO1217,1675,1730,55,K_family
MO1216,1675,1732,57,K_family
MO1218,1675,1718,43,K_family
MO1221,1676,1718,42,K_family
MO1220,1676,1734,58,K_family
MO1225,1677,1749,72,K_family
MO1228,1677,1721,44,K_family
MO1224,1677,1756,79,K_family
MO1227,1677,1727,50,K_family
MO1226,1677,1728,51,K_family
MO1230,1678,1742,64,K_family
MO1232,1678,1731,53,K_family
MO1231,1678,1731,53,K_family
MO1229,1678,1746,68,K_family
MO1236,1679,1718,39,K_family
MO1234,1679,1751,72,K_family
MO1235,1679,1740,61,K_family
MO1237,1680,1742,62,K_family
MO1238,1680,1719,39,K_family
MO1239,1680,1715,35,K_family
MO1241,1681,1751,70,K_family
MO1242,1681,1750,69,K_family
MO1243,1681,1718,37,K_family
MO1246,1682,1731,49,K_family
MO1245,1682,1761,79,K_family
MO1250,1683,1731,48,K_family
MO1249,1683,1753,70,K_family
MO1248,1683,1762,79,K_family
MO1251,1684,1769,85,K_family
MO1252,1684,1768,84,K_family
MO1254,1684,1724,40,K_family
MO1256,1685,1769,84,K_family
MO1258,1685,1752,67,K_family
MO1257,1685,1754,69,K_family
MO1259,1685,1748,63,K_family
MO1261,1686,1751,65,K_family
MO1266,1686,1732,46,K_family
MO1263,1686,1727,41,K_family
MO1264,1686,1707,21,K_family
MO1262,1686,1742,56,K_family
MO1270,1687,1730,43,K_family
MO1268,1687,1750,63,K_family
MO1267,1687,1762,75,K_family
MO1269,1687,1733,46,K_family
MO1274,1688,1751,63,K_family
MO1273,1688,1751,63,K_family
MO1272,1688,1765,77,K_family
MO1275,1688,1716,28,K_family
MO1276,1689,1765,76,K_family
MO1278,1689,1759,70,K_family
MO1277,1689,1764,75,K_family
MO1279,1689,1737,48,K_family
MO1284,1690,1746,56,K_family
MO1283,1690,1749,59,K_family
MO1281,1690,1754,64,K_family
MO1285,1690,1711,21,K_family
MO1282,1690,1749,59,K_family
MO1289,1691,1772,81,K_family
MO1290,1691,1757,66,K_family
MO1291,1691,1733,42,K_family
MO1293,1692,1725,33,K_family
MO1292,1692,1742,50,K_family
MO1298,1693,1756,63,K_family
MO1299,1693,1756,63,K_family
MO1297,1693,1769,76,K_family
MO1301,1694,1767,73,K_family
MO1304,1694,1739,45,K_family
MO1300,1694,1780,86,K_family
MO1303,1694,1748,54,K_family
MO1302,1694,1754,60,K_family
MO1311,1695,1749,54,K_family
MO1310,1695,1756,61,K_family
MO1312,1695,1745,50,K_family
MO1309,1695,1762,67,K_family
MO1316,1696,1742,46,K_family
MO1317,1696,1726,30,K_family
MO1315,1696,1756,60,K_family
MO1313,1696,1757,61,K_family
MO1314,1696,1757,61,K_family
MO1319,1697,1756,59,K_family
MO1320,1697,1718,21,K_family
MO1325,1698,1756,58,K_family
MO1323,1698,1762,64,K_family
MO1322,1698,1782,84,K_family
MO1327,1698,1721,23,K_family
MO1326,1698,1743,45,K_family
MO1324,1698,1758,60,K_family
MO1329,1699,1753,54,K_family
MO1328,1699,1777,78,K_family
MO1334,1700,1754,54,K_family
MO1333,1700,1763,63,K_family
MO1331,1700,1774,74,K_family
MO1332,1700,1771,71,K_family
MO1339,1701,1751,50,K_family
MO1340,1701,1750,49,K_family
MO1338,1701,1755,54,K_family
MO1336,1701,1775,74,K_family
MO1337,1701,1756,55,K_family
MO1341,1701,1750,49,K_family
MO1335,1701,1786,85,K_family
MO1343,1702,1732,30,K_family
MO1342,1702,1747,45,K_family
MO1346,1703,1766,63,K_family
MO1347,1703,1765,62,K_family
MO1351,1704,1740,36,K_family
MO1350,1704,1760,56,K_family
MO1361,1705,1746,41,K_family
MO1360,1705,1755,50,K_family
MO1362,1705,1740,35,K_family
MO1359,1705,1756,51,K_family
MO1356,1705,1789,84,K_family
MO1358,1705,1756,51,K_family
MO1357,1705,1755,50,K_family
MO1367,1706,1755,49,K_family
MO1366,1706,1772,66,K_family
MO1372,1707,1749,42,K_family
MO1376,1707,1740,33,K_family
MO1373,1707,1746,39,K_family
MO1369,1707,1768,61,K_family
MO1371,1707,1752,45,K_family
MO1375,1707,1742,35,K_family
MO1374,1707,1745,38,K_family
MO1370,1707,1756,49,K_family
MO1386,1708,1742,34,K_family
MO1385,1708,1742,34,K_family
MO1380,1708,1773,65,K_family
MO1383,1708,1762,54,K_family
MO1378,1708,1780,72,K_family
MO1377,1708,1787,79,K_family
MO1384,1708,1753,45,K_family
MO1382,1708,1767,59,K_family
MO1379,1708,1778,70,K_family
MO1381,1708,1772,64,K_family
MO1391,1709,1761,52,K_family
MO1388,1709,1776,67,K_family
MO1392,1709,1742,33,K_family
MO1389,1709,1770,61,K_family
MO1393,1709,1740,31,K_family
MO1390,1709,1764,55,K_family
MO1397,1710,1758,48,K_family
MO1394,1710,1766,56,K_family
MO1396,1710,1759,49,K_family
MO1395,1710,1762,52,K_family
MO1401,1711,1765,54,K_family
MO1399,1711,1787,76,K_family
MO1403,1711,1741,30,K_family
MO1406,1711,1787,76,K_family
MO1398,1711,1787,76,K_family
MO1400,1711,1779,68,K_family
MO1402,1711,1756,45,K_family
MO1405,1711,1732,21,K_family
MO1408,1712,1786,74,K_family
MO1410,1712,1767,55,K_family
MO1409,1712,1770,58,K_family
MO1412,1712,1740,28,K_family
MO1411,1712,1742,30,K_family
MO1407,1712,1789,77,K_family
MO1417,1713,1748,35,K_family
MO1416,1713,1750,37,K_family
MO1414,1713,1791,78,K_family
MO1415,1713,1784,71,K_family
MO1418,1713,1755,42,K_family
MO1422,1714,1748,34,K_family
MO1421,1714,1774,60,K_family
MO1420,1714,1781,67,K_family
MO1426,1715,1756,41,K_family
MO1423,1715,1792,77,K_family
MO1425,1715,1762,47,K_family
MO1424,1715,1786,71,K_family
MO1428,1716,1790,74,K_family
MO1429,1716,1755,39,K_family
MO1434,1717,1781,64,K_family
MO1435,1717,1779,62,K_family
MO1432,1717,1788,71,K_family
MO1433,1717,1782,65,K_family
MO1431,1717,1790,73,K_family
MO1436,1717,1776,59,K_family
MO1430,1717,1799,82,K_family
MO1440,1718,1779,61,K_family
MO1441,1718,1764,46,K_family
MO1438,1718,1789,71,K_family
MO1442,1718,1742,24,K_family
MO1439,1718,1787,69,K_family
MO1443,1719,1756,37,K_family
MO1444,1719,1756,37,K_family
MO1450,1720,1756,36,K_family
MO1449,1720,1767,47,K_family
MO1446,1720,1796,76,K_family
MO1448,1720,1777,57,K_family
MO1451,1720,1747,27,K_family
MO1447,1720,1786,66,K_family
MO1455,1721,1756,35,K_family
MO1456,1721,1752,31,K_family
MO1454,1721,1778,57,K_family
MO1453,1721,1801,80,K_family
MO1461,1722,1820,98,K_family
MO1463,1722,1780,58,K_family
MO1462,1722,1784,62,K_family
MO1466,1723,1799,76,K_family
MO1469,1723,1790,67,K_family
MO1468,1723,1792,69,K_family
MO1473,1723,1749,26,K_family
MO1471,1723,1773,50,K_family
MO1470,1723,1783,60,K_family
MO1472,1723,1750,27,K_family
MO1467,1723,1797,74,K_family
MO1478,1724,1813,89,K_family
MO1482,1724,1787,63,K_family
MO1483,1724,1785,61,K_family
MO1481,1724,1792,68,K_family
MO1484,1724,1785,61,K_family
MO1480,1724,1793,69,K_family
MO1485,1724,1753,29,K_family
MO1479,1724,1793,69,K_family
MO1489,1725,1785,60,K_family
MO1490,1725,1765,40,K_family
MO1488,1725,1792,67,K_family
MO1495,1726,1782,56,K_family
MO1492,1726,1799,73,K_family
MO1497,1726,1777,51,K_family
MO1496,1726,1780,54,K_family
MO1494,1726,1786,60,K_family
MO1491,1726,1803,77,K_family
MO1493,1726,1788,62,K_family
MO1502,1727,1759,32,K_family
MO1505,1727,1755,28,K_family
MO1501,1727,1810,83,K_family
MO1504,1727,1756,29,K_family
MO1503,1727,1757,30,K_family
MO1514,1728,1748,20,K_family
MO1508,1728,1794,66,K_family
MO1511,1728,1789,61,K_family
MO1513,1728,1778,50,K_family
MO1509,1728,1793,65,K_family
MO1512,1728,1788,60,K_family
MO1510,1728,1789,61,K_family
MO1516,1729,1783,54,K_family
MO1518,1729,1768,39,K_family
MO1517,1729,1776,47,K_family
MO1515,1729,1806,77,K_family
MO1524,1730,1776,46,K_family
MO1521,1730,1804,74,K_family
MO1525,1730,1762,32,K_family
MO1523,1730,1798,68,K_family
MO1522,1730,1799,69,K_family
MO1532,1731,1770,39,K_family
MO1527,1731,1799,68,K_family
MO1534,1731,1764,33,K_family
MO1533,1731,1770,39,K_family
MO1531,1731,1776,45,K_family
MO1530,1731,1787,56,K_family
MO1529,1731,1790,59,K_family
MO1528,1731,1793,62,K_family
MO1542,1732,1792,60,K_family
MO1541,1732,1793,61,K_family
MO1545,1732,1764,32,K_family
MO1544,1732,1766,34,K_family
MO1543,1732,1780,48,K_family
MO1540,1732,1798,66,K_family
MO1552,1733,1784,51,K_family
MO1548,1733,1798,65,K_family
MO1549,1733,1792,59,K_family
MO1551,1733,1788,55,K_family
MO1553,1733,1764,31,K_family
MO1550,1733,1792,59,K_family
MO1566,1734,1762,28,K_family
MO1564,1734,1780,46,K_family
MO1563,1734,1787,53,K_family
MO1559,1734,1803,69,K_family
MO1558,1734,1810,76,K_family
MO1560,1734,1799,65,K_family
MO1562,1734,1789,55,K_family
MO1561,1734,1795,61,K_family
MO1565,1734,1777,43,K_family
MO1571,1735,1759,24,K_family
MO1570,1735,1791,56,K_family
MO1569,1735,1804,69,K_family
MO1575,1736,1792,56,K_family
MO1576,1736,1758,22,K_family
MO1574,1736,1803,67,K_family
MO1583,1737,1783,46,K_family
MO1581,1737,1788,51,K_family
MO1578,1737,1810,73,K_family
MO1580,1737,1795,58,K_family
MO1579,1737,1799,62,K_family
MO1584,1737,1767,30,K_family
MO1582,1737,1787,50,K_family
MO1589,1738,1805,67,K_family
MO1592,1738,1799,61,K_family
MO1594,1738,1791,53,K_family
MO1595,1738,1774,36,K_family
MO1593,1738,1792,54,K_family
MO1591,1738,1799,61,K_family
MO1590,1738,1800,62,K_family
MO1605,1739,1806,67,K_family
MO1608,1739,1790,51,K_family
MO1611,1739,1772,33,K_family
MO1610,1739,1782,43,K_family
MO1609,1739,1788,49,K_family
MO1607,1739,1793,54,K_family
MO1606,1739,1794,55,K_family
MO1627,1740,1805,65,K_family
MO1617,1740,1785,45,K_family
MO1615,1740,1799,59,K_family
MO1619,1740,1768,28,K_family
MO1614,1740,1802,62,K_family
MO1618,1740,1783,43,K_family
MO1616,1740,1790,50,K_family
MO1629,1741,1788,47,K_family
MO1628,1741,1803,62,K_family
MO1638,1742,1786,44,K_family
MO1637,1742,1804,62,K_family
MO1636,1742,1816,74,K_family
MO1640,1743,1804,61,K_family
MO1641,1743,1802,59,K_family
MO1643,1743,1790,47,K_family
MO1642,1743,1792,49,K_family
MO1648,1744,1820,76,K_family
MO1650,1744,1780,36,K_family
MO1649,1744,1796,52,K_family
MO1651,1744,1776,32,K_family
MO1657,1745,1775,30,K_family
MO1665,1746,1791,45,K_family
MO1664,1746,1793,47,K_family
MO1663,1746,1793,47,K_family
MO1662,1746,1834,88,K_family
MO1661,1746,1835,89,K_family
MO1666,1746,1787,41,K_family
MO1669,1747,1808,61,K_family
MO1668,1747,1815,68,K_family
MO1675,1748,1793,45,K_family
MO1674,1748,1810,62,K_family
MO1676,1748,1769,21,K_family
MO1678,1748,1770,22,K_family
MO1682,1749,1818,69,K_family
MO1684,1749,1769,20,K_family
MO1683,1749,1800,51,K_family
MO1681,1749,1824,75,K_family
MO1687,1750,1832,82,K_family
MO1686,1750,1834,84,K_family
MO1688,1750,1827,77,K_family
MO1689,1750,1782,32,K_family
MO1691,1751,1824,73,K_family
MO1692,1751,1812,61,K_family
MO1694,1751,1793,42,K_family
MO1697,1751,1786,35,K_family
MO1693,1751,1793,42,K_family
MO1696,1751,1788,37,K_family
MO1695,1751,1792,41,K_family
MO1701,1752,1828,76,K_family
MO1704,1752,1798,46,K_family
MO1703,1752,1800,48,K_family
MO1705,1752,1795,43,K_family
MO1707,1752,1792,40,K_family
MO1706,1752,1794,42,K_family
MO1702,1752,1801,49,K_family
MO1710,1753,1815,62,K_family
MO1711,1753,1802,49,K_family
MO1716,1754,1785,31,K_family
MO1717,1754,1780,26,K_family
MO1724,1755,1805,50,K_family
MO1723,1755,1830,75,K_family
MO1725,1755,1784,29,K_family
MO1729,1756,1827,71,K_family
MO1731,1756,1772,16,K_family
MO1730,1756,1779,23,K_family
MO1739,1757,1805,48,K_family
MO1740,1757,1779,22,K_family
MO1737,1757,1816,59,K_family
MO1738,1757,1806,49,K_family
MO1736,1757,1825,68,K_family
MO1747,1758,1812,54,K_family
MO1746,1758,1815,57,K_family
MO1752,1758,1780,22,K_family
MO1749,1758,1807,49,K_family
MO1751,1758,1791,33,K_family
MO1750,1758,1804,46,K_family
MO1748,1758,1808,50,K_family
MO1762,1759,1789,30,K_family
MO1760,1759,1793,34,K_family
MO1761,1759,1789,30,K_family
MO1759,1759,1820,61,K_family
MO1763,1759,1780,21,K_family
MO1758,1759,1820,61,K_family
MO1757,1759,1842,83,K_family
MO1773,1760,1800,40,K_family
MO1770,1760,1822,62,K_family
MO1771,1760,1822,62,K_family
MO1772,1760,1820,60,K_family
MO1769,1760,1830,70,K_family
MO1768,1760,1849,89,K_family
MO1779,1761,1822,61,K_family
MO1787,1762,1793,31,K_family
MO1789,1762,1784,22,K_family
MO1784,1762,1823,61,K_family
MO1788,1762,1791,29,K_family
MO1786,1762,1795,33,K_family
MO1785,1762,1803,41,K_family
MO1800,1763,1808,45,K_family
MO1799,1763,1825,62,K_family
MO1803,1763,1801,38,K_family
MO1804,1763,1786,23,K_family
MO1802,1763,1803,40,K_family
MO1801,1763,1806,43,K_family
MO1811,1764,1835,71,K_family
MO1814,1764,1792,28,K_family
MO1812,1764,1803,39,K_family
MO1813,1764,1793,29,K_family
MO1829,1765,1790,25,K_family
MO1827,1765,1794,29,K_family
MO1825,1765,1829,64,K_family
MO1823,1765,1835,70,K_family
MO1826,1765,1823,58,K_family
MO1828,1765,1793,28,K_family
MO1824,1765,1834,69,K_family
MO1841,1766,1805,39,K_family
MO1839,1766,1833,67,K_family
MO1838,1766,1835,69,K_family
MO1840,1766,1818,52,K_family
MO1837,1766,1838,72,K_family
MO1842,1766,1793,27,K_family
MO1848,1767,1840,73,K_family
MO1849,1767,1826,59,K_family
MO1851,1767,1797,30,K_family
MO1850,1767,1815,48,K_family
MO1858,1768,1818,50,K_family
MO1866,1769,1834,65,K_family
MO1867,1769,1805,36,K_family
MO1875,1770,1835,65,K_family
MO1874,1770,1849,79,K_family
MO1878,1770,1786,16,K_family
MO1877,1770,1789,19,K_family
MO1876,1770,1801,31,K_family
MO1886,1771,1843,72,K_family
MO1887,1771,1832,61,K_family
MO1885,1771,1856,85,K_family
MO1896,1772,1828,56,K_family
MO1895,1772,1833,61,K_family
MO1892,1772,1850,78,K_family
MO1893,1772,1838,66,K_family
MO1894,1772,1835,63,K_family
MO1901,1773,1862,89,K_family
MO1904,1773,1835,62,K_family
MO1906,1773,1815,42,K_family
MO1903,1773,1838,65,K_family
MO1905,1773,1835,62,K_family
MO1909,1773,1799,26,K_family
MO1907,1773,1804,31,K_family
MO1908,1773,1804,31,K_family
MO1902,1773,1843,70,K_family
MO1921,1774,1834,60,K_family
MO1925,1774,1790,16,K_family
MO1924,1774,1796,22,K_family
MO1922,1774,1805,31,K_family
MO1923,1774,1801,27,K_family
MO1920,1774,1846,72,K_family
MO1931,1775,1830,55,K_family
MO1929,1775,1840,65,K_family
MO1930,1775,1837,62,K_family
MO1938,1776,1844,68,K_family
MO1949,1777,1804,27,K_family
MO1947,1777,1836,59,K_family
MO1946,1777,1850,73,K_family
MO1945,1777,1852,75,K_family
MO1950,1777,1802,25,K_family
MO1948,1777,1836,59,K_family
MO1959,1778,1840,62,K_family
MO1962,1778,1798,20,K_family
MO1960,1778,1837,59,K_family
MO1961,1778,1806,28,K_family
MO1971,1779,1801,22,K_family
MO1970,1779,1824,45,K_family
MO1975,1780,1854,74,K_family
MO1977,1780,1822,42,K_family
MO1976,1780,1850,70,K_family
MO1978,1780,1800,20,K_family
MO1979,1780,1796,16,K_family
MO1995,1781,1830,49,K_family
MO1996,1781,1813,32,K_family
MO1993,1781,1853,72,K_family
MO1992,1781,1859,78,K_family
MO1997,1781,1804,23,K_family
MO1994,1781,1842,61,K_family
MO2010,1782,1840,58,K_family
MO2011,1782,1833,51,K_family
MO2009,1782,1843,61,K_family
MO2017,1783,1856,73,K_family
MO2026,1784,1861,77,K_family
MO2029,1784,1816,32,K_family
MO2025,1784,1864,80,K_family
MO2027,1784,1845,61,K_family
MO2028,1784,1823,39,K_family
MO2032,1785,1876,91,K_family
MO2035,1785,1837,52,K_family
MO2034,1785,1847,62,K_family
MO2033,1785,1865,80,K_family
MO2045,1786,1834,48,K_family
MO2044,1786,1842,56,K_family
MO2051,1787,1835,48,K_family
MO2050,1787,1840,53,K_family
MO2048,1787,1857,70,K_family
MO2049,1787,1841,54,K_family
MO2058,1788,1853,65,K_family
MO2059,1788,1850,62,K_family
MO2060,1788,1835,47,K_family
MO2061,1788,1805,17,K_family
MO2068,1789,1857,68,K_family
MO2067,1789,1870,81,K_family
MO2075,1790,1860,70,K_family
MO2079,1790,1822,32,K_family
MO2076,1790,1851,61,K_family
MO2077,1790,1843,53,K_family
MO2078,1790,1841,51,K_family
MO2074,1790,1866,76,K_family
MO2080,1790,1822,32,K_family
MO2073,1790,1881,91,K_family
MO2088,1791,1834,43,K_family
MO2086,1791,1858,67,K_family
MO2087,1791,1853,62,K_family
MO2091,1792,1881,89,K_family
MO2097,1793,1846,53,K_family
MO2094,1793,1853,60,K_family
MO2096,1793,1850,57,K_family
MO2095,1793,1852,59,K_family
MO2101,1794,1870,76,K_family
MO2100,1794,1877,83,K_family
MO2102,1794,1856,62,K_family
MO2108,1795,1853,58,K_family
MO2109,1795,1853,58,K_family
MO2117,1796,1834,38,K_family
MO2116,1796,1835,39,K_family
MO2119,1796,1831,35,K_family
MO2118,1796,1832,36,K_family
MO2127,1797,1857,60,K_family
MO2130,1797,1834,37,K_family
MO2128,1797,1852,55,K_family
MO2129,1797,1840,43,K_family
MO2126,1797,1863,66,K_family
MO2125,1797,1878,81,K_family
MO2139,1798,1865,67,K_family
MO2142,1798,1848,50,K_family
MO2138,1798,1870,72,K_family
MO2141,1798,1850,52,K_family
MO2144,1798,1834,36,K_family
MO2140,1798,1859,61,K_family
MO2137,1798,1872,74,K_family
MO2145,1798,1822,24,K_family
MO2143,1798,1848,50,K_family
MO2156,1799,1864,65,K_family
MO2158,1799,1862,63,K_family
MO2154,1799,1867,68,K_family
MO2152,1799,1881,82,K_family
MO2157,1799,1862,63,K_family
MO2155,1799,1865,66,K_family
MO2153,1799,1869,70,K_family
MO2151,1799,1888,89,K_family
MO2170,1800,1855,55,K_family
MO2171,1800,1817,17,K_family
MO2166,1800,1877,77,K_family
MO2169,1800,1861,61,K_family
MO2165,1800,1880,80,K_family
MO2167,1800,1876,76,K_family
MO2172,1800,1815,15,K_family
MO2168,1800,1873,73,K_family
MO2180,1801,1870,69,K_family
MO2182,1801,1864,63,K_family
MO2181,1801,1869,68,K_family
MO2187,1801,1833,32,K_family
MO2186,1801,1850,49,K_family
MO2185,1801,1853,52,K_family
MO2184,1801,1858,57,K_family
MO2183,1801,1863,62,K_family
MO2191,1802,1853,51,K_family
MO2189,1802,1869,67,K_family
MO2192,1802,1850,48,K_family
MO2194,1802,1831,29,K_family
MO2195,1802,1825,23,K_family
MO2193,1802,1839,37,K_family
MO2190,1802,1855,53,K_family
MO2204,1803,1864,61,K_family
MO2206,1803,1834,31,K_family
MO2203,1803,1871,68,K_family
MO2201,1803,1881,78,K_family
MO2207,1803,1824,21,K_family
MO2205,1803,1846,43,K_family
MO2202,1803,1873,70,K_family
MO2212,1804,1874,70,K_family
MO2213,1804,1868,64,K_family
MO2214,1804,1856,52,K_family
MO2211,1804,1875,71,K_family
MO2215,1804,1838,34,K_family
MO2220,1805,1866,61,K_family
MO2221,1805,1861,56,K_family
MO2224,1806,1867,61,K_family
MO2223,1806,1869,63,K_family
MO2225,1806,1867,61,K_family
MO2226,1806,1826,20,K_family
MO2234,1807,1843,36,K_family
MO2230,1807,1873,66,K_family
MO2232,1807,1855,48,K_family
MO2231,1807,1870,63,K_family
MO2228,1807,1890,83,K_family
MO2233,1807,1844,37,K_family
MO2229,1807,1887,80,K_family
MO2242,1808,1831,23,K_family
MO2236,1808,1906,98,K_family
MO2240,1808,1868,60,K_family
MO2239,1808,1885,77,K_family
MO2238,1808,1888,80,K_family
MO2243,1808,1825,17,K_family
MO2241,1808,1852,44,K_family
MO2237,1808,1894,86,K_family
MO2245,1809,1869,60,K_family
MO2246,1809,1839,30,K_family
MO2251,1810,1837,27,K_family
MO2249,1810,1874,64,K_family
MO2250,1810,1874,64,K_family
MO2254,1811,1899,88,K_family
MO2256,1811,1855,44,K_family
MO2255,1811,1869,58,K_family
MO2260,1812,1899,87,K_family
MO2261,1812,1888,76,K_family
MO2264,1812,1865,53,K_family
MO2263,1812,1874,62,K_family
MO2262,1812,1884,72,K_family
MO2266,1813,1895,82,K_family
MO2271,1813,1851,38,K_family
MO2270,1813,1860,47,K_family
MO2269,1813,1867,54,K_family
MO2267,1813,1891,78,K_family
MO2272,1813,1836,23,K_family
MO2265,1813,1895,82,K_family
MO2268,1813,1871,58,K_family
MO2276,1814,1885,71,K_family
MO2274,1814,1910,96,K_family
MO2278,1814,1875,61,K_family
MO2280,1814,1858,44,K_family
MO2279,1814,1862,48,K_family
MO2277,1814,1876,62,K_family
MO2275,1814,1893,79,K_family
MO2285,1815,1874,59,K_family
MO2287,1815,1868,53,K_family
MO2283,1815,1890,75,K_family
MO2286,1815,1874,59,K_family
MO2288,1815,1844,29,K_family
MO2284,1815,1877,62,K_family
MO2293,1816,1888,72,K_family
MO2295,1816,1873,57,K_family
MO2298,1816,1853,37,K_family
MO2297,1816,1865,49,K_family
MO2291,1816,1898,82,K_family
MO2296,1816,1871,55,K_family
MO2292,1816,1892,76,K_family
MO2294,1816,1881,65,K_family
MO2305,1817,1867,50,K_family
MO2302,1817,1878,61,K_family
MO2303,1817,1877,60,K_family
MO2304,1817,1870,53,K_family
MO2307,1817,1853,36,K_family
MO2306,1817,1865,48,K_family
MO2310,1818,1892,74,K_family
MO2312,1818,1877,59,K_family
MO2311,1818,1879,61,K_family
MO2313,1818,1871,53,K_family
MO2314,1818,1865,47,K_family
MO2318,1819,1867,48,K_family
MO2317,1819,1886,67,K_family
MO2322,1819,1837,18,K_family
MO2321,1819,1854,35,K_family
MO2320,1819,1856,37,K_family
MO2319,1819,1865,46,K_family
MO2325,1819,1865,46,K_family
MO2328,1820,1877,57,K_family
MO2327,1820,1877,57,K_family
MO2329,1820,1857,37,K_family
MO2326,1820,1892,72,K_family
MO2336,1821,1882,61,K_family
MO2335,1821,1882,61,K_family
MO2334,1821,1889,68,K_family
MO2337,1821,1875,54,K_family
MO2333,1821,1907,86,K_family
MO2332,1821,1908,87,K_family
MO2331,1821,1911,90,K_family
MO2344,1822,1862,40,K_family
MO2340,1822,1885,63,K_family
MO2339,1822,1886,64,K_family
MO2342,1822,1875,53,K_family
MO2345,1822,1854,32,K_family
MO2343,1822,1870,48,K_family
MO2341,1822,1879,57,K_family
MO2348,1823,1889,66,K_family
MO2347,1823,1903,80,K_family
MO2352,1823,1849,26,K_family
MO2351,1823,1877,54,K_family
MO2350,1823,1888,65,K_family
MO2349,1823,1888,65,K_family
MO2363,1824,1865,41,K_family
MO2355,1824,1914,90,K_family
MO2361,1824,1870,46,K_family
MO2360,1824,1882,58,K_family
MO2362,1824,1868,44,K_family
MO2364,1824,1859,35,K_family
MO2359,1824,1884,60,K_family
MO2358,1824,1885,61,K_family
MO2356,1824,1904,80,K_family
MO2357,1824,1901,77,K_family
MO2377,1825,1854,29,K_family
MO2372,1825,1915,90,K_family
MO2374,1825,1886,61,K_family
MO2375,1825,1883,58,K_family
MO2376,1825,1870,45,K_family
MO2373,1825,1909,84,K_family
MO2383,1826,1886,60,K_family
MO2384,1826,1874,48,K_family
MO2382,1826,1886,60,K_family
MO2385,1826,1861,35,K_family
MO2381,1826,1895,69,K_family
MO2389,1827,1903,76,K_family
MO2395,1827,1882,55,K_family
MO2394,1827,1883,56,K_family
MO2393,1827,1886,59,K_family
MO2390,1827,1896,69,K_family
MO2387,1827,1912,85,K_family
MO2392,1827,1887,60,K_family
MO2388,1827,1905,78,K_family
MO2391,1827,1889,62,K_family
MO2402,1828,1873,45,K_family
MO2399,1828,1887,59,K_family
MO2398,1828,1907,79,K_family
MO2401,1828,1877,49,K_family
MO2400,1828,1877,49,K_family
MO2408,1829,1864,35,K_family
MO2407,1829,1885,56,K_family
MO2406,1829,1893,64,K_family
MO2413,1830,1889,59,K_family
MO2411,1830,1897,67,K_family
MO2412,1830,1893,63,K_family
MO2417,1830,1871,41,K_family
MO2415,1830,1883,53,K_family
MO2414,1830,1887,57,K_family
MO2418,1830,1853,23,K_family
MO2416,1830,1876,46,K_family
MO2428,1831,1871,40,K_family
MO2427,1831,1877,46,K_family
MO2425,1831,1896,65,K_family
MO2423,1831,1915,84,K_family
MO2426,1831,1886,55,K_family
MO2422,1831,1917,86,K_family
MO2424,1831,1897,66,K_family
MO2438,1832,1876,44,K_family
MO2436,1832,1898,66,K_family
MO2437,1832,1896,64,K_family
MO2435,1832,1903,71,K_family
MO2432,1832,1916,84,K_family
MO2434,1832,1905,73,K_family
MO2433,1832,1909,77,K_family
MO2443,1833,1886,53,K_family
MO2445,1833,1867,34,K_family
MO2442,1833,1910,77,K_family
MO2444,1833,1877,44,K_family
MO2441,1833,1918,85,K_family
MO2450,1834,1907,73,K_family
MO2457,1834,1855,21,K_family
MO2452,1834,1895,61,K_family
MO2455,1834,1875,41,K_family
MO2451,1834,1906,72,K_family
MO2449,1834,1912,78,K_family
MO2454,1834,1876,42,K_family
MO2456,1834,1875,41,K_family
MO2453,1834,1876,42,K_family
MO2460,1835,1882,47,K_family
MO2461,1835,1876,41,K_family
MO2458,1835,1900,65,K_family
MO2462,1835,1870,35,K_family
MO2459,1835,1895,60,K_family
MO2474,1836,1875,39,K_family
MO2471,1836,1886,50,K_family
MO2469,1836,1918,82,K_family
MO2472,1836,1880,44,K_family
MO2470,1836,1906,70,K_family
MO2473,1836,1877,41,K_family
MO2468,1836,1919,83,K_family
MO2482,1837,1882,45,K_family
MO2479,1837,1889,52,K_family
MO2483,1837,1877,40,K_family
MO2478,1837,1923,86,K_family
MO2480,1837,1883,46,K_family
MO2481,1837,1883,46,K_family
MO2486,1838,1914,76,K_family
MO2488,1838,1901,63,K_family
MO2492,1838,1890,52,K_family
MO2489,1838,1895,57,K_family
MO2493,1838,1881,43,K_family
MO2494,1838,1863,25,K_family
MO2490,1838,1894,56,K_family
MO2491,1838,1891,53,K_family
MO2487,1838,1904,66,K_family
MO2498,1839,1911,72,K_family
MO2496,1839,1921,82,K_family
MO2497,1839,1913,74,K_family
MO2500,1839,1878,39,K_family
MO2501,1839,1871,32,K_family
MO2499,1839,1896,57,K_family
MO2502,1840,1887,47,K_family
MO2503,1840,1859,19,K_family
MO2511,1841,1897,56,K_family
MO2506,1841,1920,79,K_family
MO2514,1841,1888,47,K_family
MO2512,1841,1892,51,K_family
MO2505,1841,1929,88,K_family
MO2509,1841,1907,66,K_family
MO2513,1841,1889,48,K_family
MO2515,1841,1877,36,K_family
MO2510,1841,1901,60,K_family
MO2508,1841,1914,73,K_family
MO2507,1841,1915,74,K_family
MO2523,1842,1913,71,K_family
MO2528,1842,1875,33,K_family
MO2527,1842,1889,47,K_family
MO2524,1842,1903,61,K_family
MO2526,1842,1898,56,K_family
MO2521,1842,1919,77,K_family
MO2525,1842,1902,60,K_family
MO2522,1842,1918,76,K_family
MO2533,1843,1901,58,K_family
MO2531,1843,1920,77,K_family
MO2532,1843,1912,69,K_family
MO2534,1843,1891,48,K_family
MO2535,1843,1886,43,K_family
MO2536,1843,1876,33,K_family
MO2547,1844,1868,24,K_family
MO2546,1844,1871,27,K_family
MO2540,1844,1935,91,K_family
MO2542,1844,1903,59,K_family
MO2544,1844,1898,54,K_family
MO2541,1844,1913,69,K_family
MO2545,1844,1872,28,K_family
MO2548,1844,1864,20,K_family
MO2543,1844,1899,55,K_family
MO2555,1845,1901,56,K_family
MO2554,1845,1903,58,K_family
MO2552,1845,1929,84,K_family
MO2559,1845,1886,41,K_family
MO2560,1845,1879,34,K_family
MO2558,1845,1887,42,K_family
MO2557,1845,1892,47,K_family
MO2556,1845,1900,55,K_family
MO2553,1845,1915,70,K_family
MO2566,1846,1901,55,K_family
MO2562,1846,1920,74,K_family
MO2565,1846,1888,42,K_family
MO2561,1846,1924,78,K_family
MO2564,1846,1900,54,K_family
MO2563,1846,1912,66,K_family
MO2574,1847,1922,75,K_family
MO2575,1847,1919,72,K_family
MO2571,1847,1930,83,K_family
MO2576,1847,1908,61,K_family
MO2572,1847,1923,76,K_family
MO2573,1847,1923,76,K_family
MO2577,1847,1898,51,K_family
MO2587,1848,1911,63,K_family
MO2582,1848,1918,70,K_family
MO2586,1848,1912,64,K_family
MO2588,1848,1877,29,K_family
MO2583,1848,1917,69,K_family
MO2584,1848,1917,69,K_family
MO2585,1848,1915,67,K_family
MO2589,1848,1874,26,K_family
MO2599,1849,1890,41,K_family
MO2597,1849,1906,57,K_family
MO2594,1849,1912,63,K_family
MO2595,1849,1908,59,K_family
MO2596,1849,1908,59,K_family
MO2593,1849,1918,69,K_family
MO2598,1849,1896,47,K_family
MO2600,1849,1886,37,K_family
MO2592,1849,1922,73,K_family
MO2601,1849,1913,64,K_family
MO2603,1849,1907,58,K_family
MO2610,1850,1898,48,K_family
MO2613,1850,1886,36,K_family
MO2608,1850,1907,57,K_family
MO2604,1850,1928,78,K_family
MO2609,1850,1900,50,K_family
MO2605,1850,1920,70,K_family
MO2606,1850,1916,66,K_family
MO2614,1850,1886,36,K_family
MO2612,1850,1895,45,K_family
MO2615,1850,1882,32,K_family
MO2611,1850,1897,47,K_family
MO2607,1850,1911,61,K_family
MO2616,1850,1875,25,K_family
MO2626,1851,1909,58,K_family
MO2630,1851,1891,40,K_family
MO2623,1851,1922,71,K_family
MO2622,1851,1931,80,K_family
MO2624,1851,1918,67,K_family
MO2621,1851,1933,82,K_family
MO2631,1851,1886,35,K_family
MO2627,1851,1906,55,K_family
MO2629,1851,1892,41,K_family
MO2628,1851,1904,53,K_family
MO2625,1851,1913,62,K_family
MO2633,1851,1900,49,K_family
MO2642,1852,1880,28,K_family
MO2640,1852,1889,37,K_family
MO2641,1852,1883,31,K_family
MO2635,1852,1919,67,K_family
MO2636,1852,1919,67,K_family
MO2639,1852,1910,58,K_family
MO2634,1852,1929,77,K_family
MO2643,1852,1878,26,K_family
MO2638,1852,1914,62,K_family
MO2637,1852,1917,65,K_family
MO2646,1853,1927,74,K_family
MO2647,1853,1886,33,K_family
MO2649,1853,1917,64,K_family
MO2658,1854,1907,53,K_family
MO2662,1854,1877,23,K_family
MO2653,1854,1928,74,K_family
MO2652,1854,1935,81,K_family
MO2660,1854,1886,32,K_family
MO2654,1854,1927,73,K_family
MO2655,1854,1921,67,K_family
MO2651,1854,1939,85,K_family
MO2657,1854,1910,56,K_family
MO2661,1854,1885,31,K_family
MO2659,1854,1896,42,K_family
MO2656,1854,1916,62,K_family
MO2674,1855,1903,48,K_family
MO2668,1855,1945,90,K_family
MO2671,1855,1927,72,K_family
MO2669,1855,1935,80,K_family
MO2675,1855,1886,31,K_family
MO2673,1855,1915,60,K_family
MO2672,1855,1916,61,K_family
MO2670,1855,1932,77,K_family
MO2681,1856,1917,61,K_family
MO2683,1856,1897,41,K_family
MO2685,1856,1893,37,K_family
MO2687,1856,1886,30,K_family
MO2680,1856,1941,85,K_family
MO2684,1856,1896,40,K_family
MO2686,1856,1886,30,K_family
MO2682,1856,1914,58,K_family
MO2698,1857,1900,43,K_family
MO2691,1857,1939,82,K_family
MO2693,1857,1935,78,K_family
MO2700,1857,1894,37,K_family
MO2696,1857,1912,55,K_family
MO2697,1857,1908,51,K_family
MO2692,1857,1937,80,K_family
MO2694,1857,1930,73,K_family
MO2701,1857,1881,24,K_family
MO2699,1857,1898,41,K_family
MO2695,1857,1915,58,K_family
MO2690,1857,1941,84,K_family
MO2707,1858,1907,49,K_family
MO2708,1858,1906,48,K_family
MO2711,1858,1879,21,K_family
MO2709,1858,1894,36,K_family
MO2710,1858,1891,33,K_family
MO2706,1858,1928,70,K_family
MO2705,1858,1934,76,K_family
MO2717,1859,1920,61,K_family
MO2719,1859,1916,57,K_family
MO2722,1859,1903,44,K_family
MO2721,1859,1913,54,K_family
MO2716,1859,1924,65,K_family
MO2723,1859,1894,35,K_family
MO2724,1859,1894,35,K_family
MO2720,1859,1915,56,K_family
MO2718,1859,1919,60,K_family
MO2730,1860,1945,85,K_family
MO2733,1860,1940,80,K_family
MO2732,1860,1941,81,K_family
MO2742,1860,1894,34,K_family
MO2740,1860,1901,41,K_family
MO2731,1860,1941,81,K_family
MO2741,1860,1899,39,K_family
MO2734,1860,1939,79,K_family
MO2736,1860,1931,71,K_family
MO2739,1860,1908,48,K_family
MO2735,1860,1932,72,K_family
MO2743,1860,1886,26,K_family
MO2738,1860,1917,57,K_family
MO2737,1860,1923,63,K_family
MO2752,1861,1921,60,K_family
MO2751,1861,1928,67,K_family
MO2749,1861,1935,74,K_family
MO2753,1861,1920,59,K_family
MO2748,1861,1948,87,K_family
MO2755,1861,1915,54,K_family
MO2754,1861,1919,58,K_family
MO2756,1861,1893,32,K_family
MO2750,1861,1935,74,K_family
Bong2,1573,1623,50,N_family
Bong8,1576,1643,67,N_family
Buk97,1578,1642,64,N_family
Bong620,1584,1629,45,N_family
Bong27,1586,1645,59,N_family
Bong109,1588,1623,35,N_family
Bong418,1588,1606,18,N_family
Buk13,1588,1654,66,N_family
Bong650,1589,1661,72,N_family
Buk18,1590,1665,75,N_family
Bong113,1591,1653,62,N_family
Buk464,1591,1667,76,N_family
Bong71,1594,1671,77,N_family
Bong466,1596,1619,23,N_family
Buk260,1596,1663,67,N_family
Ko50,1596,1688,92,N_family
Bong136,1600,1661,61,N_family
Buk500,1602,1622,20,N_family
Bong975,1603,1674,71,N_family
Bong121,1604,1676,72,N_family
Buk98,1605,1659,54,N_family
Bong404,1606,1655,49,N_family
Bong817,1606,1623,17,N_family
Bong649,1612,1683,71,N_family
Buk352,1615,1664,49,N_family
Bong423,1618,1697,79,N_family
Bong855,1618,1688,70,N_family
Buk138,1619,1663,44,N_family
Bong200,1620,1642,22,N_family
Bong818,1621,1657,36,N_family
Bong233,1622,1657,35,N_family
Ko63,1624,1698,74,N_family
Buk182,1626,1699,73,N_family
Buk262,1626,1690,64,N_family
Bong502,1628,1686,58,N_family
Buk466,1628,1704,76,N_family
Bong584,1629,1665,36,N_family
Bong900,1629,1696,67,N_family
Buk215,1629,1689,60,N_family
Buk226,1630,1663,33,N_family
Buk438,1630,1718,88,N_family
Bong403,1631,1679,48,N_family
Ko64,1631,1706,75,N_family
Bong606,1632,1669,37,N_family
Bong320,1633,1659,26,N_family
Bong942,1633,1690,57,N_family
Ko136,1633,1694,61,N_family
Bong138,1634,1700,66,N_family
Buk294,1634,1697,63,N_family
Buk331,1636,1675,39,N_family
Buk512,1636,1698,62,N_family
Ko137,1636,1699,63,N_family
Bong663,1637,1710,73,N_family
Bong708,1638,1668,30,N_family
Buk185,1638,1672,34,N_family
Buk501,1638,1698,60,N_family
Bong421,1639,1682,43,N_family
Ko66,1639,1685,46,N_family
Bong609,1640,1698,58,N_family
Buk139,1640,1698,58,N_family
Bong712,1641,1707,66,N_family
Bong821,1641,1721,80,N_family
Bong621,1642,1720,78,N_family
Buk140,1643,1707,64,N_family
Ko68,1643,1685,42,N_family
Ko89,1643,1682,39,N_family
Bong203,1644,1713,69,N_family
Bong740,1644,1706,62,N_family
Bong477,1645,1691,46,N_family
Buk358,1646,1698,52,N_family
Bong337,1647,1720,73,N_family
Bong447,1647,1727,80,N_family
Bong234,1648,1693,45,N_family
Bong354,1648,1717,69,N_family
Ko90,1648,1708,60,N_family
Bong255,1649,1701,52,N_family
Bong753,1649,1719,70,N_family
Buk219,1649,1737,88,N_family
Buk256,1650,1714,64,N_family
Bong503,1651,1710,59,N_family
Buk124,1651,1698,47,N_family
Ko92,1651,1671,20,N_family
Bong295,1652,1741,89,N_family
Bong456,1652,1704,52,N_family
Bong901,1652,1728,76,N_family
Buk154,1652,1735,83,N_family
Buk188,1652,1685,33,N_family
Ko102,1652,1716,64,N_family
Bong501,1653,1698,45,N_family
Bong304,1654,1699,45,N_family
Bong854,1654,1710,56,N_family
Buk467,1654,1716,62,N_family
Bong661,1655,1711,56,N_family
Bong925,1655,1715,60,N_family
Buk227,1655,1740,85,N_family
Buk363,1655,1731,76,N_family
Buk478,1655,1730,75,N_family
Bong202,1657,1723,66,N_family
Bong422,1657,1727,70,N_family
Bong794,1657,1706,49,N_family
Bong137,1658,1723,65,N_family
Bong585,1658,1699,41,N_family
Buk299,1658,1713,55,N_family
Buk439,1658,1736,78,N_family
Buk336,1659,1728,69,N_family
Bong538,1660,1681,21,N_family
Bong604,1660,1694,34,N_family
Bong700,1660,1721,61,N_family
Bong797,1661,1729,68,N_family
Ko143,1661,1698,37,N_family
Bong428,1662,1710,48,N_family
Bong777,1662,1699,37,N_family
Buk423,1662,1703,41,N_family
Ko93,1662,1711,49,N_family
Bong411,1663,1751,88,N_family
Bong711,1663,1721,58,N_family
Bong725,1663,1711,48,N_family
Ko111,1663,1733,70,N_family
Bong553,1665,1730,65,N_family
Bong622,1665,1746,81,N_family
Bong995,1665,1747,82,N_family
Bong478,1666,1720,54,N_family
Buk141,1666,1723,57,N_family
Buk193,1667,1714,47,N_family
Bong427,1668,1693,25,N_family
Bong487,1668,1712,44,N_family
Bong634,1668,1747,79,N_family
Buk142,1669,1698,29,N_family
Buk223,1669,1729,60,N_family
Buk441,1669,1730,61,N_family
Ko112,1669,1732,63,N_family
Ko116,1669,1742,73,N_family
Bong235,1670,1717,47,N_family
Bong795,1670,1724,54,N_family
Bong853,1670,1719,49,N_family
Buk264,1670,1713,43,N_family
Buk332,1670,1697,27,N_family
Buk488,1670,1716,46,N_family
Ko228,1670,1720,50,N_family
Bong217,1671,1692,21,N_family
Bong568,1671,1738,67,N_family
Ko117,1672,1748,76,N_family
Buk143,1673,1719,46,N_family
Bong445,1674,1714,40,N_family
Bong737,1674,1728,54,N_family
Bong820,1674,1744,70,N_family
Ko154,1674,1734,64,N_family
Ko229,1674,1750,76,N_family
Ko250,1675,1756,81,N_family
Bong201,1676,1719,43,N_family
Bong633,1676,1729,53,N_family
Bong699,1676,1733,57,N_family
Ko113,1676,1733,57,N_family
Ko196,1676,1748,72,N_family
Bong236,1677,1726,49,N_family
Bong864,1677,1722,45,N_family
Buk515,1677,1733,56,N_family
Bong305,1678,1732,54,N_family
Bong321,1678,1716,38,N_family
Bong441,1678,1736,58,N_family
Bong475,1678,1701,23,N_family
Bong660,1678,1733,55,N_family
Bong752,1678,1737,59,N_family
Bong898,1678,1730,52,N_family
Buk306,1678,1732,54,N_family
Buk469,1678,1729,51,N_family
Ko119,1678,1764,86,N_family
Bong704,1679,1720,41,N_family
Bong253,1680,1755,75,N_family
Bong608,1680,1730,50,N_family
Buk265,1680,1733,53,N_family
Bong458,1681,1742,61,N_family
Bong488,1681,1756,75,N_family
Bong539,1681,1724,43,N_family
Bong587,1681,1739,58,N_family
Buk481,1681,1711,30,N_family
Ko230,1681,1755,74,N_family
Bong218,1682,1736,54,N_family
Bong504,1682,1751,69,N_family
Bong763,1682,1742,60,N_family
Bong873,1682,1712,30,N_family
Bong920,1682,1703,21,N_family
Buk340,1682,1752,70,N_family
Buk386,1682,1759,77,N_family
Buk479,1682,1751,69,N_family
Bong776,1683,1719,36,N_family
Bong266,1684,1746,62,N_family
Bong598,1684,1735,51,N_family
Bong662,1684,1756,72,N_family
Ko148,1684,1751,67,N_family
Bong410,1685,1746,61,N_family
Bong490,1685,1723,38,N_family
Ko163,1685,1717,32,N_family
Bong307,1686,1757,71,N_family
Bong597,1686,1731,45,N_family
Bong605,1686,1720,34,N_family
Bong957,1686,1749,63,N_family
Bong151,1687,1755,68,N_family
Bong406,1687,1737,50,N_family
Bong911,1687,1757,70,N_family
Bong923,1687,1729,42,N_family
Buk157,1687,1750,63,N_family
Buk199,1687,1752,65,N_family
Ko149,1687,1754,67,N_family
Ko173,1687,1733,46,N_family
Bong524,1688,1736,48,N_family
Bong724,1688,1710,22,N_family
Bong876,1688,1750,62,N_family
Buk285,1688,1741,53,N_family
Bong277,1689,1712,23,N_family
Bong607,1689,1732,43,N_family
Buk148,1689,1729,40,N_family
Buk267,1689,1752,63,N_family
Buk287,1689,1773,84,N_family
Ko165,1689,1748,59,N_family
Bong160,1690,1774,84,N_family
Bong290,1690,1713,23,N_family
Ko233,1690,1773,83,N_family
Bong219,1691,1760,69,N_family
Bong431,1691,1764,73,N_family
Bong880,1691,1726,35,N_family
Buk204,1691,1750,59,N_family
Bong351,1692,1724,32,N_family
Bong429,1692,1748,56,N_family
Bong352,1693,1733,40,N_family
Bong796,1693,1749,56,N_family
Bong989,1693,1773,80,N_family
Ko155,1693,1746,53,N_family
Bong147,1694,1725,31,N_family
Bong420,1694,1722,28,N_family
Ko186,1694,1756,62,N_family
Bong890,1695,1747,52,N_family
Bong199,1696,1716,20,N_family
Bong667,1696,1729,33,N_family
Bong673,1696,1751,55,N_family
Buk205,1696,1754,58,N_family
Bong446,1697,1747,50,N_family
Bong566,1697,1730,33,N_family
Bong599,1697,1762,65,N_family
Ko178,1697,1721,24,N_family
Ko188,1697,1756,59,N_family
Bong697,1698,1746,48,N_family
Bong705,1698,1758,60,N_family
Bong739,1698,1758,60,N_family
Buk307,1699,1728,29,N_family
Ko191,1699,1740,41,N_family
Bong134,1700,1752,52,N_family
Bong430,1700,1768,68,N_family
Bong619,1700,1736,36,N_family
Bong750,1700,1749,49,N_family
Buk337,1700,1770,70,N_family
Buk531,1700,1791,91,N_family
Ko150,1700,1768,68,N_family
Ko176,1700,1759,59,N_family
Ko341,1700,1750,50,N_family
Bong455,1701,1752,51,N_family
Bong541,1701,1759,58,N_family
Bong706,1701,1762,61,N_family
Bong738,1701,1757,56,N_family
Bong1007,1701,1795,94,N_family
Buk309,1701,1743,42,N_family
Buk324,1701,1718,17,N_family
Buk344,1701,1783,82,N_family
Bong323,1702,1775,73,N_family
Bong489,1702,1790,88,N_family
Bong569,1702,1776,74,N_family
Ko166,1702,1761,59,N_family
Bong640,1703,1755,52,N_family
Bong852,1703,1750,47,N_family
Buk524,1703,1746,43,N_family
Ko156,1703,1789,86,N_family
Bong408,1704,1757,53,N_family
Bong554,1704,1769,65,N_family
Bong703,1704,1743,39,N_family
Bong709,1704,1755,51,N_family
Bong306,1705,1775,70,N_family
Ko158,1705,1776,71,N_family
Bong480,1706,1770,64,N_family
Bong2452,1706,1757,51,N_family
Buk310,1706,1731,25,N_family
Ko195,1706,1725,19,N_family
Bong630,1707,1746,39,N_family
Buk392,1707,1765,58,N_family
Buk484,1707,1801,94,N_family
Bong551,1708,1733,25,N_family
Bong899,1708,1760,52,N_family
Bong149,1709,1764,55,N_family
Bong220,1709,1790,81,N_family
Bong409,1709,1762,53,N_family
Bong419,1709,1735,26,N_family
Bong631,1709,1750,41,N_family
Bong713,1709,1780,71,N_family
Bong714,1709,1790,81,N_family
Bong355,1710,1785,75,N_family
Bong2348,1710,1791,81,N_family
Buk289,1710,1782,72,N_family
Buk290,1710,1753,43,N_family
Buk311,1710,1733,23,N_family
Buk526,1710,1739,29,N_family
Bong457,1711,1764,53,N_family
Bong632,1711,1754,43,N_family
Bong707,1711,1738,27,N_family
Bong793,1711,1743,32,N_family
Bong910,1711,1751,40,N_family
Bong924,1711,1755,44,N_family
Buk207,1711,1752,41,N_family
Buk807,1711,1801,90,N_family
Ko237,1711,1763,52,N_family
Ko338,1711,1775,64,N_family
Buk318,1712,1747,35,N_family
Bong366,1713,1789,76,N_family
Bong586,1713,1769,56,N_family
Bong764,1713,1779,66,N_family
Bong500,1714,1757,43,N_family
Bong930,1714,1765,51,N_family
Buk209,1714,1785,71,N_family
Ko197,1714,1777,63,N_family
Bong292,1715,1776,61,N_family
Bong442,1715,1795,80,N_family
Bong459,1715,1777,62,N_family
Bong718,1715,1781,66,N_family
Bong922,1715,1750,35,N_family
Bong2455,1715,1776,61,N_family
Bong921,1716,1738,22,N_family
Bong1678,1716,1766,50,N_family
Buk202,1716,1750,34,N_family
Ko240,1716,1769,53,N_family
Bong152,1717,1786,69,N_family
Bong308,1717,1795,78,N_family
Bong717,1717,1776,59,N_family
Bong728,1717,1787,70,N_family
Bong765,1717,1784,67,N_family
Bong892,1717,1772,55,N_family
Bong955,1717,1739,22,N_family
Bong2456,1717,1779,62,N_family
Buk828,1717,1756,39,N_family
Bong440,1718,1794,76,N_family
Bong2492,1718,1777,59,N_family
Buk473,1718,1756,38,N_family
Ko342,1718,1785,67,N_family
Ko357,1718,1774,56,N_family
Bong267,1719,1785,66,N_family
Bong523,1719,1756,37,N_family
Bong931,1719,1778,59,N_family
Bong2519,1719,1773,54,N_family
Bong460,1720,1782,62,N_family
Bong850,1720,1755,35,N_family
Buk487,1720,1785,65,N_family
Bong268,1721,1806,85,N_family
Bong516,1721,1785,64,N_family
Bong766,1721,1768,47,N_family
Bong851,1721,1756,35,N_family
Buk270,1721,1781,60,N_family
Buk485,1721,1793,72,N_family
Ko238,1721,1756,35,N_family
Ko243,1721,1776,55,N_family
Ko264,1721,1786,65,N_family
Bong135,1722,1782,60,N_family
Bong379,1722,1767,45,N_family
Bong749,1722,1763,41,N_family
Bong792,1722,1793,71,N_family
Bong1737,1722,1789,67,N_family
Bong2051,1722,1769,47,N_family
Bong859,1723,1773,50,N_family
Bong879,1723,1743,20,N_family
Buk158,1723,1792,69,N_family
Buk348,1723,1793,70,N_family
Ko255,1723,1763,40,N_family
Bong278,1724,1767,43,N_family
Bong294,1724,1794,70,N_family
Bong567,1724,1758,34,N_family
Bong751,1724,1782,58,N_family
Buk482,1724,1816,92,N_family
Ko290,1724,1760,36,N_family
Bong407,1725,1776,51,N_family
Bong819,1725,1763,38,N_family
Bong974,1725,1791,66,N_family
Bong2194,1725,1780,55,N_family
Bong2518,1725,1778,53,N_family
Bong2541,1725,1784,59,N_family
Bong2701,1725,1810,85,N_family
Ko287,1725,1789,64,N_family
Bong726,1726,1784,58,N_family
Ko282,1726,1812,86,N_family
Ko291,1726,1803,77,N_family
Ko428,1726,1811,85,N_family
Bong698,1727,1781,54,N_family
Bong2087,1727,1759,32,N_family
Bong2118,1727,1807,80,N_family
Buk230,1727,1785,58,N_family
Ko279,1727,1788,61,N_family
Ko343,1727,1757,30,N_family
Bong2174,1728,1787,59,N_family
Bong570,1729,1805,76,N_family
Bong322,1730,1775,45,N_family
Bong710,1730,1781,51,N_family
Bong1908,1730,1788,58,N_family
Buk461,1730,1794,64,N_family
Buk519,1730,1762,32,N_family
Ko283,1730,1809,79,N_family
Ko350,1730,1805,75,N_family
Bong727,1731,1800,69,N_family
Ko344,1731,1786,55,N_family
Bong515,1732,1750,18,N_family
Bong576,1732,1797,65,N_family
Bong874,1732,1781,49,N_family
Bong1687,1732,1760,28,N_family
Bong2625,1732,1792,60,N_family
Buk408,1732,1790,58,N_family
Ko272,1732,1797,65,N_family
Ko293,1732,1799,67,N_family
Buk462,1733,1797,64,N_family
Bong973,1734,1795,61,N_family
Bong2358,1734,1756,22,N_family
Ko429,1734,1774,40,N_family
Bong476,1735,1779,44,N_family
Bong2459,1735,1807,72,N_family
Bong2551,1735,1755,20,N_family
Buk907,1735,1788,53,N_family
Buk908,1735,1783,48,N_family
Ko295,1735,1769,34,N_family
Bong150,1736,1798,62,N_family
Bong336,1736,1802,66,N_family
Bong540,1736,1788,52,N_family
Bong891,1736,1790,54,N_family
Bong897,1736,1780,44,N_family
Buk220,1736,1752,16,N_family
Buk809,1736,1801,65,N_family
Buk1397,1736,1806,70,N_family
Ko256,1736,1799,63,N_family
Bong467,1737,1788,51,N_family
Bong517,1737,1810,73,N_family
Bong1740,1737,1779,42,N_family
Bong2626,1737,1797,60,N_family
Ko346,1737,1799,62,N_family
Ko362,1737,1766,29,N_family
Bong881,1738,1792,54,N_family
Bong2370,1738,1766,28,N_family
Bong2569,1738,1815,77,N_family
Buk816,1738,1801,63,N_family
Bong139,1739,1807,68,N_family
Bong1177,1739,1819,80,N_family
Bong1719,1739,1796,57,N_family
Buk534,1739,1813,74,N_family
Buk1022,1739,1807,68,N_family
Ko298,1739,1794,55,N_family
Bong378,1740,1772,32,N_family
Bong575,1740,1762,22,N_family
Bong1686,1740,1767,27,N_family
Bong2490,1740,1782,42,N_family
Buk829,1740,1790,50,N_family
Ko356,1740,1803,63,N_family
Ko432,1740,1825,85,N_family
Bong256,1741,1810,69,N_family
Bong761,1741,1799,58,N_family
Bong889,1741,1780,39,N_family
Bong2728,1741,1797,56,N_family
Buk343,1741,1791,50,N_family
Buk1007,1741,1776,35,N_family
Ko434,1741,1822,81,N_family
Bong1736,1742,1799,57,N_family
Bong2192,1742,1780,38,N_family
Bong2382,1742,1814,72,N_family
Buk316,1742,1800,58,N_family
Bong177,1743,1807,64,N_family
Bong479,1743,1804,61,N_family
Bong525,1743,1810,67,N_family
Bong552,1743,1788,45,N_family
Bong1907,1743,1776,33,N_family
Bong2523,1743,1811,68,N_family
Ko351,1743,1784,41,N_family
Bong291,1744,1785,41,N_family
Bong364,1744,1775,31,N_family
Bong377,1744,1775,31,N_family
Bong405,1744,1793,49,N_family
Bong577,1744,1816,72,N_family
Bong760,1744,1792,48,N_family
Bong860,1744,1820,76,N_family
Bong2211,1744,1821,77,N_family
Bong2592,1744,1783,39,N_family
Buk225,1744,1814,70,N_family
Buk540,1744,1787,43,N_family
Buk944,1744,1822,78,N_family
Buk1245,1744,1782,38,N_family
Buk1398,1744,1788,44,N_family
Bong988,1745,1768,23,N_family
Bong2546,1745,1795,50,N_family
Bong190,1746,1809,63,N_family
Buk159,1746,1808,62,N_family
Buk210,1746,1796,50,N_family
Buk257,1746,1797,51,N_family
Ko301,1746,1797,51,N_family
Bong146,1747,1771,24,N_family
Bong363,1747,1772,25,N_family
Bong376,1747,1769,22,N_family
Bong1031,1747,1821,74,N_family
Bong1879,1747,1816,69,N_family
Bong2050,1747,1778,31,N_family
Bong2467,1747,1796,49,N_family
Buk932,1747,1796,49,N_family
Buk873,1748,1823,75,N_family
Ko273,1748,1778,30,N_family
Bong303,1749,1793,44,N_family
Bong353,1749,1804,55,N_family
Bong936,1749,1827,78,N_family
Buk953,1749,1810,61,N_family
Ko270,1749,1798,49,N_family
Ko430,1749,1809,60,N_family
Bong279,1750,1840,90,N_family
Bong762,1750,1809,59,N_family
Bong1880,1750,1821,71,N_family
Bong1718,1751,1805,54,N_family
Bong2344,1751,1794,43,N_family
Ko361,1751,1808,57,N_family
Ko369,1751,1784,33,N_family
Ko373,1751,1775,24,N_family
Ko444,1751,1792,41,N_family
Buk281,1752,1779,27,N_family
Ko419,1752,1771,19,N_family
Bong956,1753,1782,29,N_family
Bong1174,1753,1834,81,N_family
Bong2359,1753,1805,52,N_family
Buk846,1753,1780,27,N_family
Bong929,1754,1834,80,N_family
Bong2238,1754,1787,33,N_family
Bong2593,1754,1825,71,N_family
Bong2637,1754,1810,56,N_family
Buk832,1754,1788,34,N_family
Buk1383,1754,1804,50,N_family
Buk1413,1754,1796,42,N_family
Ko410,1754,1801,47,N_family
Ko414,1754,1817,63,N_family
Ko439,1754,1806,52,N_family
Ko445,1754,1810,56,N_family
Ko534,1754,1813,59,N_family
Bong2556,1755,1821,66,N_family
Buk1355,1755,1802,47,N_family
Bong2175,1756,1846,90,N_family
Bong2466,1756,1804,48,N_family
Buk161,1756,1829,73,N_family
Ko535,1756,1815,59,N_family
Ko529,1757,1807,50,N_family
Bong976,1758,1842,84,N_family
Bong1304,1758,1814,56,N_family
Bong1931,1758,1800,42,N_family
Bong2567,1758,1807,49,N_family
Bong2639,1758,1824,66,N_family
Buk322,1758,1815,57,N_family
Buk1009,1758,1782,24,N_family
Bong1688,1759,1791,32,N_family
Bong2476,1759,1814,55,N_family
Bong2488,1759,1790,31,N_family
Buk233,1759,1845,86,N_family
Buk1267,1759,1826,67,N_family
Ko404,1759,1816,57,N_family
Ko451,1759,1807,48,N_family
Bong1230,1760,1827,67,N_family
Buk258,1760,1815,55,N_family
Ko420,1760,1822,62,N_family
Ko454,1760,1781,21,N_family
Ko530,1760,1817,57,N_family
Bong1644,1761,1811,50,N_family
Buk164,1761,1829,68,N_family
Buk972,1761,1786,25,N_family
Ko435,1761,1791,30,N_family
Ko452,1761,1821,60,N_family
Bong932,1762,1828,66,N_family
Bong1027,1762,1815,53,N_family
Bong1877,1762,1815,53,N_family
Bong1962,1762,1811,49,N_family
Bong2458,1762,1833,71,N_family
Buk1356,1762,1792,30,N_family
Buk1401,1762,1805,43,N_family
Ko363,1762,1817,55,N_family
Ko438,1762,1806,44,N_family
Ko447,1762,1785,23,N_family
Bong1246,1763,1814,51,N_family
Bong1315,1763,1814,51,N_family
Bong1917,1763,1834,71,N_family
Bong2699,1763,1823,60,N_family
Bong2727,1763,1783,20,N_family
Buk1290,1763,1851,88,N_family
Ko364,1763,1809,46,N_family
Bong2042,1764,1808,44,N_family
Bong2379,1764,1802,38,N_family
Bong2521,1764,1821,57,N_family
Bong2627,1764,1837,73,N_family
Bong2654,1764,1797,33,N_family
Buk1564,1764,1807,43,N_family
Ko370,1764,1813,49,N_family
Ko399,1764,1825,61,N_family
Ko453,1764,1792,28,N_family
Ko532,1764,1805,41,N_family
Bong148,1765,1798,33,N_family
Bong293,1765,1804,39,N_family
Bong1854,1765,1826,61,N_family
Bong1890,1765,1831,66,N_family
Buk817,1765,1801,36,N_family
Ko464,1765,1801,36,N_family
Ko516,1765,1821,56,N_family
Ko537,1765,1827,62,N_family
Bong265,1766,1796,30,N_family
Bong365,1766,1829,63,N_family
Bong1059,1766,1806,40,N_family
Bong1988,1766,1823,57,N_family
Bong2193,1766,1807,41,N_family
Bong2547,1766,1825,59,N_family
Bong2638,1766,1824,58,N_family
Bong2646,1766,1818,52,N_family
Buk810,1766,1801,35,N_family
Bong296,1767,1856,89,N_family
Bong1255,1767,1819,52,N_family
Bong2115,1767,1829,62,N_family
Bong2695,1767,1816,49,N_family
Bong2696,1767,1816,49,N_family
Buk886,1767,1818,51,N_family
Buk1011,1767,1783,16,N_family
Buk1402,1767,1808,41,N_family
Ko359,1767,1812,45,N_family
Bong875,1768,1822,54,N_family
Bong2102,1768,1824,56,N_family
Bong2205,1768,1805,37,N_family
Bong2574,1768,1807,39,N_family
Bong2648,1768,1833,65,N_family
Ko421,1768,1792,24,N_family
Ko543,1768,1791,23,N_family
Ko690,1768,1813,45,N_family
Bong2559,1769,1797,28,N_family
Bong2591,1769,1807,38,N_family
Bong1068,1770,1836,66,N_family
Ko440,1770,1792,22,N_family
Ko455,1770,1792,22,N_family
Bong1077,1771,1847,76,N_family
Bong1264,1771,1826,55,N_family
Bong2615,1771,1832,61,N_family
Buk1563,1771,1849,78,N_family
Bong882,1772,1845,73,N_family
Bong1855,1772,1835,63,N_family
Bong2645,1772,1814,42,N_family
Bong2905,1772,1843,71,N_family
Buk855,1772,1825,53,N_family
Buk890,1772,1801,29,N_family
Bong1422,1773,1833,60,N_family
Buk877,1773,1821,48,N_family
Ko424,1773,1810,37,N_family
Bong1786,1774,1843,69,N_family
Bong2471,1774,1835,61,N_family
Bong2537,1774,1823,49,N_family
Buk946,1774,1822,48,N_family
Ko448,1774,1834,60,N_family
Bong1607,1775,1830,55,N_family
Bong1672,1775,1834,59,N_family
Bong2055,1775,1833,58,N_family
Bong2549,1775,1839,64,N_family
Bong2914,1775,1811,36,N_family
Ko538,1775,1834,59,N_family
Ko553,1775,1820,45,N_family
Ko561,1775,1807,32,N_family
Bong302,1776,1815,39,N_family
Bong1270,1776,1871,95,N_family
Bong1347,1776,1829,53,N_family
Bong1853,1776,1832,56,N_family
Bong2057,1776,1841,65,N_family
Buk1548,1776,1830,54,N_family
Ko411,1776,1842,66,N_family
Bong1365,1777,1829,52,N_family
Bong1839,1777,1848,71,N_family
Bong2622,1777,1808,31,N_family
Bong2647,1777,1839,62,N_family
Bong2891,1777,1839,62,N_family
Bong3144,1777,1813,36,N_family
Buk558,1777,1857,80,N_family
Buk1405,1777,1849,72,N_family
Ko371,1777,1802,25,N_family
Bong1268,1778,1829,51,N_family
Bong1945,1778,1821,43,N_family
Bong2480,1778,1838,60,N_family
Bong2575,1778,1817,39,N_family
Buk284,1778,1833,55,N_family
Buk818,1778,1809,31,N_family
Buk937,1778,1815,37,N_family
Buk955,1778,1827,49,N_family
Ko441,1778,1852,74,N_family
Ko467,1778,1815,37,N_family
Ko562,1778,1850,72,N_family
Bong254,1779,1802,23,N_family
Bong2044,1779,1834,55,N_family
Buk986,1779,1864,85,N_family
Buk1027,1779,1825,46,N_family
Bong1248,1780,1815,35,N_family
Bong2481,1780,1840,60,N_family
Buk1387,1780,1863,83,N_family
Ko372,1780,1802,22,N_family
Ko517,1780,1835,55,N_family
Bong153,1781,1850,69,N_family
Bong1690,1781,1841,60,N_family
Bong2279,1781,1829,48,N_family
Buk659,1781,1831,50,N_family
Buk857,1781,1837,56,N_family
Ko574,1781,1821,40,N_family
Bong1242,1782,1822,40,N_family
Bong1350,1782,1863,81,N_family
Bong1735,1782,1835,53,N_family
Bong1963,1782,1834,52,N_family
Buk833,1782,1816,34,N_family
Ko556,1782,1842,60,N_family
Bong1316,1783,1836,53,N_family
Bong2371,1783,1843,60,N_family
Bong2555,1783,1831,48,N_family
Bong2566,1783,1817,34,N_family
Buk1538,1783,1835,52,N_family
Bong1172,1784,1834,50,N_family
Bong2170,1784,1825,41,N_family
Bong2600,1784,1843,59,N_family
Buk697,1784,1856,72,N_family
Ko468,1784,1845,61,N_family
Ko586,1784,1816,32,N_family
Bong958,1785,1867,82,N_family
Bong1597,1785,1837,52,N_family
Bong1720,1785,1835,50,N_family
Bong2210,1785,1860,75,N_family
Bong2454,1785,1841,56,N_family
Buk757,1785,1834,49,N_family
Buk1525,1785,1855,70,N_family
Ko550,1785,1850,65,N_family
Ko567,1785,1855,70,N_family
Ko680,1785,1827,42,N_family
Bong934,1786,1821,35,N_family
Bong1499,1786,1863,77,N_family
Bong2635,1786,1820,34,N_family
Bong2907,1786,1863,77,N_family
Ko545,1786,1827,41,N_family
Ko675,1786,1815,29,N_family
Bong1026,1787,1816,29,N_family
Bong1120,1787,1824,37,N_family
Bong1717,1787,1834,47,N_family
Ko547,1787,1845,58,N_family
Ko588,1787,1824,37,N_family
Bong2834,1788,1808,20,N_family
Buk576,1788,1848,60,N_family
Buk767,1788,1860,72,N_family
Buk819,1788,1822,34,N_family
Ko589,1788,1836,48,N_family
Ko665,1788,1846,58,N_family
Bong1305,1789,1852,63,N_family
Bong1705,1789,1871,82,N_family
Bong2553,1789,1832,43,N_family
Bong2684,1789,1860,71,N_family
Bong2689,1789,1815,26,N_family
Buk1228,1789,1859,70,N_family
Ko374,1789,1853,64,N_family
Ko518,1789,1845,56,N_family
Ko539,1789,1840,51,N_family
Ko719,1789,1865,76,N_family
Bong1313,1790,1833,43,N_family
Bong1850,1790,1840,50,N_family
Bong1914,1790,1837,47,N_family
Bong2562,1790,1876,86,N_family
Buk813,1790,1849,59,N_family
Ko502,1790,1814,24,N_family
Ko684,1790,1861,71,N_family
Bong1227,1791,1820,29,N_family
Ko376,1791,1851,60,N_family
Ko669,1791,1814,23,N_family
Bong2491,1792,1841,49,N_family
Bong2576,1792,1833,41,N_family
Bong2697,1792,1842,50,N_family
Buk958,1792,1866,74,N_family
Buk1407,1792,1840,48,N_family
Ko486,1792,1820,28,N_family
Ko541,1792,1864,72,N_family
Ko666,1792,1850,58,N_family
Bong1214,1793,1863,70,N_family
Bong1273,1793,1824,31,N_family
Bong1618,1793,1864,71,N_family
Bong2040,1793,1836,43,N_family
Bong2464,1793,1832,39,N_family
Bong2478,1793,1851,58,N_family
Bong2733,1793,1847,54,N_family
Ko646,1793,1859,66,N_family
Bong1386,1794,1855,61,N_family
Bong2293,1794,1834,40,N_family
Bong3207,1794,1863,69,N_family
Bong1045,1795,1838,43,N_family
Bong2052,1795,1843,48,N_family
Bong2586,1795,1840,45,N_family
Bong2636,1795,1845,50,N_family
Buk618,1795,1836,41,N_family
Ko504,1795,1831,36,N_family
Bong1387,1796,1863,67,N_family
Bong1410,1796,1889,93,N_family
Bong2644,1796,1836,40,N_family
Buk685,1796,1823,27,N_family
Buk1218,1796,1826,30,N_family
Ko552,1796,1869,73,N_family
Bong1299,1797,1842,45,N_family
Bong1414,1797,1859,62,N_family
Bong1932,1797,1841,44,N_family
Bong2317,1797,1853,56,N_family
Bong2599,1797,1848,51,N_family
Bong2857,1797,1843,46,N_family
Buk860,1797,1833,36,N_family
Buk1629,1797,1863,66,N_family
Ko456,1797,1861,64,N_family
Ko647,1797,1818,21,N_family
Bong1250,1798,1851,53,N_family
Bong1782,1798,1827,29,N_family
Bong1835,1798,1848,50,N_family
Bong1851,1798,1848,50,N_family
Bong1876,1798,1845,47,N_family
Bong1991,1798,1862,64,N_family
Bong2698,1798,1854,56,N_family
Bong2922,1798,1821,23,N_family
Ko652,1798,1861,63,N_family
Ko739,1798,1828,30,N_family
Ko757,1798,1873,75,N_family
Bong2287,1799,1847,48,N_family
Buk1283,1799,1833,34,N_family
Ko457,1799,1877,78,N_family
Ko460,1799,1828,29,N_family
Bong1964,1800,1853,53,N_family
Bong1986,1800,1848,48,N_family
Bong2089,1800,1851,51,N_family
Bong2116,1800,1862,62,N_family
Buk1414,1800,1861,61,N_family
Ko475,1800,1858,58,N_family
Ko607,1800,1857,57,N_family
Ko648,1800,1844,44,N_family
Ko685,1800,1827,27,N_family
Bong2524,1801,1869,68,N_family
Bong2812,1801,1843,42,N_family
Bong3145,1801,1839,38,N_family
Buk560,1801,1833,32,N_family
Buk891,1801,1839,38,N_family
Ko488,1801,1820,19,N_family
Bong1849,1802,1834,32,N_family
Bong1891,1802,1876,74,N_family
Bong2142,1802,1864,62,N_family
Bong2936,1802,1871,69,N_family
Bong1744,1803,1873,70,N_family
Bong1928,1803,1824,21,N_family
Bong3020,1803,1884,81,N_family
Buk787,1803,1832,29,N_family
Ko580,1803,1883,80,N_family
Bong1244,1804,1848,44,N_family
Bong1756,1804,1872,68,N_family
Bong2381,1804,1868,64,N_family
Bong2538,1804,1853,49,N_family
Bong2831,1804,1868,64,N_family
Ko676,1804,1877,73,N_family
Ko691,1804,1829,25,N_family
Ko753,1804,1826,22,N_family
Bong1346,1805,1855,50,N_family
Bong2150,1805,1859,54,N_family
Bong2531,1805,1847,42,N_family
Bong2959,1805,1831,26,N_family
Bong2982,1805,1865,60,N_family
Bong3041,1805,1885,80,N_family
Buk660,1805,1868,63,N_family
Buk913,1805,1839,34,N_family
Ko523,1805,1868,63,N_family
Bong1231,1806,1878,72,N_family
Bong1734,1806,1843,37,N_family
Bong2195,1806,1861,55,N_family
Buk894,1806,1821,15,N_family
Ko568,1806,1870,64,N_family
Ko692,1806,1870,64,N_family
Bong2041,1807,1850,43,N_family
Bong2608,1807,1836,29,N_family
Buk1018,1807,1867,60,N_family
Ko656,1807,1862,55,N_family
Ko677,1807,1877,70,N_family
Bong1171,1808,1846,38,N_family
Bong1253,1808,1849,41,N_family
Bong1310,1808,1835,27,N_family
Bong1604,1808,1848,40,N_family
Bong1871,1808,1856,48,N_family
Bong2176,1808,1846,38,N_family
Bong2554,1808,1851,43,N_family
Bong2883,1808,1847,39,N_family
Bong2989,1808,1868,60,N_family
Bong3131,1808,1872,64,N_family
Ko686,1808,1841,33,N_family
Ko743,1808,1868,60,N_family
Ko867,1808,1850,42,N_family
Bong2472,1809,1870,61,N_family
Bong3132,1809,1873,64,N_family
Buk1408,1809,1840,31,N_family
Ko634,1809,1870,61,N_family
Ko653,1809,1848,39,N_family
Ko696,1809,1874,65,N_family
Ko728,1809,1858,49,N_family
Bong1326,1810,1837,27,N_family
Bong1368,1810,1872,62,N_family
Bong1838,1810,1875,65,N_family
Bong1972,1810,1846,36,N_family
Bong2053,1810,1858,48,N_family
Bong2777,1810,1859,49,N_family
Buk579,1810,1871,61,N_family
Buk758,1810,1861,51,N_family
Buk1419,1810,1834,24,N_family
Ko678,1810,1878,68,N_family
Ko875,1810,1872,62,N_family
Bong1006,1811,1891,80,N_family
Bong1689,1811,1854,43,N_family
Bong2025,1811,1867,56,N_family
Bong2475,1811,1859,48,N_family
Bong3019,1811,1878,67,N_family
Buk699,1811,1862,51,N_family
Buk973,1811,1868,57,N_family
Bong935,1812,1857,45,N_family
Bong2173,1812,1867,55,N_family
Bong2269,1812,1842,30,N_family
Bong2764,1812,1860,48,N_family
Buk1031,1812,1830,18,N_family
Buk1229,1812,1836,24,N_family
Ko707,1812,1877,65,N_family
Bong1844,1813,1859,46,N_family
Bong2278,1813,1860,47,N_family
Ko679,1813,1876,63,N_family
Ko721,1813,1878,65,N_family
Ko749,1813,1869,56,N_family
Ko771,1813,1878,65,N_family
Bong1164,1814,1883,69,N_family
Bong1332,1814,1850,36,N_family
Bong2835,1814,1854,40,N_family
Bong2991,1814,1891,77,N_family
Buk997,1814,1882,68,N_family
Ko609,1814,1873,59,N_family
Ko758,1814,1857,43,N_family
Ko881,1814,1882,68,N_family
Ko917,1814,1862,48,N_family
Bong2493,1815,1874,59,N_family
Buk619,1815,1907,92,N_family
Ko630,1815,1876,61,N_family
Bong1787,1816,1893,77,N_family
Bong2295,1816,1878,62,N_family
Bong2482,1816,1885,69,N_family
Buk700,1816,1861,45,N_family
Buk879,1816,1857,41,N_family
Buk939,1816,1863,47,N_family
Buk1296,1816,1877,61,N_family
Buk1482,1816,1866,50,N_family
Ko773,1816,1845,29,N_family
Ko868,1816,1872,56,N_family
Bong1265,1817,1886,69,N_family
Bong2033,1817,1867,50,N_family
Bong2103,1817,1888,71,N_family
Bong2347,1817,1882,65,N_family
Bong2373,1817,1887,70,N_family
Bong2685,1817,1889,72,N_family
Bong3058,1817,1869,52,N_family
Ko701,1817,1889,72,N_family
Bong1145,1818,1907,89,N_family
Bong2316,1818,1849,31,N_family
Bong2799,1818,1903,85,N_family
Bong3039,1818,1891,73,N_family
Bong3094,1818,1898,80,N_family
Buk686,1818,1860,42,N_family
Buk1313,1818,1866,48,N_family
Ko637,1818,1890,72,N_family
Ko688,1818,1876,58,N_family
Ko733,1818,1886,68,N_family
Ko759,1818,1868,50,N_family
Bong1413,1819,1880,61,N_family
Bong1670,1819,1858,39,N_family
Bong2208,1819,1890,71,N_family
Bong2237,1819,1868,49,N_family
Bong2623,1819,1875,56,N_family
Bong2917,1819,1907,88,N_family
Bong2935,1819,1886,67,N_family
Buk957,1819,1863,44,N_family
Buk1527,1819,1858,39,N_family
Ko631,1819,1891,72,N_family
Bong1046,1820,1878,58,N_family
Bong1388,1820,1890,70,N_family
Bong1405,1820,1866,46,N_family
Bong2451,1820,1851,31,N_family
Buk1322,1820,1872,52,N_family
Buk1388,1820,1888,68,N_family
Ko645,1820,1910,90,N_family
Bong1596,1821,1871,50,N_family
Bong1829,1821,1912,91,N_family
Bong1960,1821,1860,39,N_family
Bong2113,1821,1877,56,N_family
Bong2157,1821,1881,60,N_family
Bong2270,1821,1868,47,N_family
Bong2495,1821,1886,65,N_family
Bong2501,1821,1883,62,N_family
Bong3143,1821,1853,32,N_family
Buk562,1821,1861,40,N_family
Buk923,1821,1863,42,N_family
Buk967,1821,1851,30,N_family
Buk1003,1821,1894,73,N_family
Ko723,1821,1877,56,N_family
Ko850,1821,1890,69,N_family
Bong1122,1822,1881,59,N_family
Bong1152,1822,1858,36,N_family
Bong1254,1822,1873,51,N_family
Bong1393,1822,1884,62,N_family
Bong1916,1822,1889,67,N_family
Bong1982,1822,1841,19,N_family
Bong1990,1822,1884,62,N_family
Bong2187,1822,1905,83,N_family
Bong2516,1822,1869,47,N_family
Bong3111,1822,1897,75,N_family
Bong3208,1822,1894,72,N_family
Buk768,1822,1893,71,N_family
Buk1430,1822,1909,87,N_family
Ko697,1822,1850,28,N_family
Ko744,1822,1862,40,N_family
Ko845,1822,1870,48,N_family
Ko872,1822,1877,55,N_family
Ko892,1822,1862,40,N_family
Bong1601,1823,1884,61,N_family
Bong1608,1823,1906,83,N_family
Bong2315,1823,1847,24,N_family
Bong2544,1823,1863,40,N_family
Bong3188,1823,1891,68,N_family
Buk1231,1823,1857,34,N_family
Ko754,1823,1884,61,N_family
Ko952,1823,1892,69,N_family
Bong1406,1824,1876,52,N_family
Bong1743,1824,1887,63,N_family
Bong1946,1824,1874,50,N_family
Bong1959,1824,1859,35,N_family
Bong2144,1824,1904,80,N_family
Bong2326,1824,1877,53,N_family
Bong2690,1824,1864,40,N_family
Bong2923,1824,1863,39,N_family
Buk620,1824,1875,51,N_family
Buk1323,1824,1894,70,N_family
Buk1528,1824,1874,50,N_family
Ko614,1824,1860,36,N_family
Ko734,1824,1874,50,N_family
Ko869,1824,1871,47,N_family
Bong1301,1825,1886,61,N_family
Bong1619,1825,1905,80,N_family
Bong1621,1825,1867,42,N_family
Bong1754,1825,1842,17,N_family
Bong1785,1825,1877,52,N_family
Bong1878,1825,1878,53,N_family
Bong2054,1825,1873,48,N_family
Bong2186,1825,1897,72,N_family
Bong2380,1825,1885,60,N_family
Bong2694,1825,1861,36,N_family
Bong2969,1825,1876,51,N_family
Buk862,1825,1878,53,N_family
Buk1365,1825,1876,51,N_family
Buk1410,1825,1909,84,N_family
Ko554,1825,1845,20,N_family
Ko698,1825,1877,52,N_family
Ko848,1825,1869,44,N_family
Bong1805,1826,1867,41,N_family
Bong2159,1826,1910,84,N_family
Bong2296,1826,1904,78,N_family
Bong2360,1826,1883,57,N_family
Bong2588,1826,1896,70,N_family
Buk721,1826,1892,66,N_family
Buk1334,1826,1847,21,N_family
Bong1067,1827,1888,61,N_family
Bong1267,1827,1864,37,N_family
Bong1377,1827,1901,74,N_family
Bong1985,1827,1863,36,N_family
Bong2669,1827,1889,62,N_family
Bong2961,1827,1896,69,N_family
Bong3059,1827,1906,79,N_family
Buk652,1827,1889,62,N_family
Buk677,1827,1882,55,N_family
Buk750,1827,1876,49,N_family
Buk915,1827,1886,59,N_family
Ko599,1827,1853,26,N_family
Ko615,1827,1894,67,N_family
Ko836,1827,1903,76,N_family
Ko883,1827,1878,51,N_family
Bong2325,1828,1859,31,N_family
Bong2601,1828,1904,76,N_family
Bong2844,1828,1876,48,N_family
Buk586,1828,1896,68,N_family
Buk638,1828,1860,32,N_family
Buk665,1828,1911,83,N_family
Buk788,1828,1869,41,N_family
Ko590,1828,1872,44,N_family
Ko616,1828,1897,69,N_family
Ko702,1828,1882,54,N_family
Ko900,1828,1877,49,N_family
Ko1061,1828,1910,82,N_family
Bong1028,1829,1886,57,N_family
Bong1228,1829,1876,47,N_family
Bong2123,1829,1886,57,N_family
Bong2667,1829,1857,28,N_family
Bong2741,1829,1847,18,N_family
Bong2952,1829,1901,72,N_family
Buk974,1829,1854,25,N_family
Ko593,1829,1854,25,N_family
Ko830,1829,1893,64,N_family
Bong1256,1830,1896,66,N_family
Bong1501,1830,1918,88,N_family
Bong1834,1830,1853,23,N_family
Buk796,1830,1888,58,N_family
Ko846,1830,1870,40,N_family
Bong1291,1831,1881,50,N_family
Bong1716,1831,1873,42,N_family
Bong1852,1831,1886,55,N_family
Bong1933,1831,1884,53,N_family
Bong2143,1831,1895,64,N_family
Bong2257,1831,1861,30,N_family
Bong2286,1831,1869,38,N_family
Bong2334,1831,1877,46,N_family
Buk1271,1831,1905,74,N_family
Bong1101,1832,1917,85,N_family
Bong1396,1832,1914,82,N_family
Buk712,1832,1893,61,N_family
Buk1496,1832,1898,66,N_family
Ko762,1832,1891,59,N_family
Ko884,1832,1877,45,N_family
Bong2393,1833,1883,50,N_family
Bong2609,1833,1883,50,N_family
Ko479,1833,1895,62,N_family
Bong1856,1834,1900,66,N_family
Bong2018,1834,1894,60,N_family
Bong2043,1834,1883,49,N_family
Bong2133,1834,1886,52,N_family
Bong2172,1834,1886,52,N_family
Ko798,1834,1880,46,N_family
Ko853,1834,1876,42,N_family
Bong1399,1835,1900,65,N_family
Bong1765,1835,1875,40,N_family
Bong2539,1835,1884,49,N_family
Bong3015,1835,1902,67,N_family
Ko480,1835,1878,43,N_family
Ko591,1835,1892,57,N_family
Ko736,1835,1873,38,N_family
Ko764,1835,1867,32,N_family
Bong1065,1836,1883,47,N_family
Bong1263,1836,1857,21,N_family
Bong1814,1836,1883,47,N_family
Bong1983,1836,1859,23,N_family
Buk1195,1836,1856,20,N_family
Ko826,1836,1875,39,N_family
Ko940,1836,1880,44,N_family
Bong1306,1837,1902,65,N_family
Bong1676,1837,1881,44,N_family
Bong1973,1837,1896,59,N_family
Bong2151,1837,1919,82,N_family
Bong2171,1837,1886,49,N_family
Ko849,1837,1887,50,N_family
Bong1127,1838,1861,23,N_family
Bong1163,1838,1877,39,N_family
Bong1599,1838,1894,56,N_family
Bong1989,1838,1896,58,N_family
Bong2134,1838,1896,58,N_family
Bong2166,1838,1875,37,N_family
Bong2392,1838,1876,38,N_family
Buk1297,1838,1911,73,N_family
Ko525,1838,1907,69,N_family
Ko755,1838,1899,61,N_family
Ko895,1838,1908,70,N_family
Ko955,1838,1902,64,N_family
Bong1099,1839,1908,69,N_family
Bong1461,1839,1886,47,N_family
Bong1958,1839,1889,50,N_family
Buk815,1839,1904,65,N_family
Buk1033,1839,1884,45,N_family
Ko897,1839,1877,38,N_family
Bong1314,1840,1889,49,N_family
Bong1699,1840,1911,71,N_family
Bong2790,1840,1893,53,N_family
Buk1432,1840,1871,31,N_family
Ko1085,1840,1895,55,N_family
Bong1144,1841,1873,32,N_family
Bong1470,1841,1881,40,N_family
Bong1733,1841,1865,24,N_family
Bong1746,1841,1895,54,N_family
Bong1766,1841,1888,47,N_family
Bong1821,1841,1891,50,N_family
Bong2026,1841,1901,60,N_family
Bong2345,1841,1885,44,N_family
Bong2346,1841,1885,44,N_family
Bong2522,1841,1903,62,N_family
Bong2882,1841,1878,37,N_family
Buk565,1841,1904,63,N_family
Buk1032,1841,1895,54,N_family
Ko729,1841,1863,22,N_family
Ko890,1841,1898,57,N_family
Ko905,1841,1886,45,N_family
Ko928,1841,1894,53,N_family
Ko1037,1841,1894,53,N_family
Bong1843,1842,1886,44,N_family
Bong2263,1842,1898,56,N_family
Bong2294,1842,1882,40,N_family
Bong2399,1842,1896,54,N_family
Bong2561,1842,1902,60,N_family
Bong2568,1842,1902,60,N_family
Bong2968,1842,1888,46,N_family
Buk621,1842,1861,19,N_family
Buk1298,1842,1902,60,N_family
Buk1316,1842,1879,37,N_family
Ko913,1842,1910,68,N_family
Ko965,1842,1879,37,N_family
Ko977,1842,1874,32,N_family
Bong1153,1843,1926,83,N_family
Bong1416,1843,1925,82,N_family
Bong2032,1843,1888,45,N_family
Ko740,1843,1899,56,N_family
Ko802,1843,1887,44,N_family
Ko851,1843,1873,30,N_family
Bong1481,1844,1894,50,N_family
Bong1600,1844,1900,56,N_family
Bong1704,1844,1886,42,N_family
Bong2091,1844,1906,62,N_family
Bong2156,1844,1892,48,N_family
Bong2285,1844,1878,34,N_family
Bong2573,1844,1865,21,N_family
Bong2729,1844,1904,60,N_family
Bong2765,1844,1914,70,N_family
Bong2845,1844,1893,49,N_family
Bong3001,1844,1906,62,N_family
Bong3038,1844,1896,52,N_family
Buk863,1844,1890,46,N_family
Buk959,1844,1888,44,N_family
Buk1273,1844,1895,51,N_family
Buk1503,1844,1911,67,N_family
Ko832,1844,1869,25,N_family
Bong1173,1845,1895,50,N_family
Bong1243,1845,1886,41,N_family
Bong1665,1845,1923,78,N_family
Bong1741,1845,1902,57,N_family
Bong1889,1845,1892,47,N_family
Bong2185,1845,1893,48,N_family
Bong2361,1845,1910,65,N_family
Bong2668,1845,1902,57,N_family
Ko855,1845,1889,44,N_family
Bong1054,1846,1885,39,N_family
Bong1327,1846,1918,72,N_family
Bong1807,1846,1894,48,N_family
Bong1870,1846,1892,46,N_family
Bong1992,1846,1915,69,N_family
Bong2037,1846,1906,60,N_family
Bong2101,1846,1904,58,N_family
Bong2184,1846,1875,29,N_family
Bong2206,1846,1894,48,N_family
Bong2314,1846,1866,20,N_family
Bong2776,1846,1887,41,N_family
Bong2813,1846,1892,46,N_family
Bong2990,1846,1914,68,N_family
Bong3356,1846,1876,30,N_family
Ko730,1846,1895,49,N_family
Ko837,1846,1916,70,N_family
Ko1049,1846,1863,17,N_family
Ko1095,1846,1897,51,N_family
Bong1278,1847,1905,58,N_family
Bong1317,1847,1902,55,N_family
Bong1500,1847,1927,80,N_family
Bong1769,1847,1890,43,N_family
Bong2760,1847,1903,56,N_family
Bong3081,1847,1890,43,N_family
Buk1389,1847,1907,60,N_family
Buk1445,1847,1906,59,N_family
Ko914,1847,1886,39,N_family
Ko954,1847,1899,52,N_family
Ko1041,1847,1889,42,N_family
Bong1929,1848,1883,35,N_family
Bong2716,1848,1908,60,N_family
Ko827,1848,1908,60,N_family
Ko922,1848,1883,35,N_family
Bong1616,1849,1896,47,N_family
Bong2372,1849,1918,69,N_family
Bong3008,1849,1886,37,N_family
Bong3147,1849,1916,67,N_family
Buk881,1849,1898,49,N_family
Buk1317,1849,1865,16,N_family
Buk1454,1849,1918,69,N_family
Ko659,1849,1917,68,N_family
Ko1088,1849,1906,57,N_family
Ko1096,1849,1937,88,N_family
Ko1148,1849,1886,37,N_family
Bong1669,1850,1884,34,N_family
Bong1698,1850,1913,63,N_family
Bong2003,1850,1907,57,N_family
Bong2198,1850,1924,74,N_family
Bong2277,1850,1886,36,N_family
Bong2453,1850,1902,52,N_family
Bong2474,1850,1929,79,N_family
Bong2624,1850,1907,57,N_family
Bong2830,1850,1909,59,N_family
Bong2850,1850,1891,41,N_family
Bong2934,1850,1893,43,N_family
Bong2951,1850,1898,48,N_family
Bong3219,1850,1911,61,N_family
Buk687,1850,1919,69,N_family
Buk868,1850,1873,23,N_family
Ko595,1850,1932,82,N_family
Ko808,1850,1895,45,N_family
Ko908,1850,1907,57,N_family
Bong1093,1851,1896,45,N_family
Bong1429,1851,1908,57,N_family
Bong1622,1851,1898,47,N_family
Bong1915,1851,1912,61,N_family
Bong2217,1851,1898,47,N_family
Bong2477,1851,1908,57,N_family
Bong2960,1851,1879,28,N_family
Buk655,1851,1876,25,N_family
Buk897,1851,1909,58,N_family
Buk1421,1851,1885,34,N_family
Ko804,1851,1881,30,N_family
Ko831,1851,1864,13,N_family
Ko916,1851,1914,63,N_family
Ko929,1851,1926,75,N_family
Bong1157,1852,1891,39,N_family
Bong1407,1852,1906,54,N_family
Bong1530,1852,1881,29,N_family
Bong1603,1852,1890,38,N_family
Bong2465,1852,1891,39,N_family
Bong2499,1852,1894,42,N_family
Bong2858,1852,1924,72,N_family
Bong2896,1852,1887,35,N_family
Ko624,1852,1906,54,N_family
Bong2000,1853,1895,42,N_family
Bong2775,1853,1883,30,N_family
Buk703,1853,1918,65,N_family
Buk960,1853,1885,32,N_family
Ko1050,1853,1909,56,N_family
Bong1226,1854,1874,20,N_family
Bong1333,1854,1917,63,N_family
Bong1606,1854,1903,49,N_family
Bong1691,1854,1917,63,N_family
Bong1783,1854,1886,32,N_family
Bong1837,1854,1885,31,N_family
Bong1848,1854,1878,24,N_family
Bong1934,1854,1908,54,N_family
Bong2308,1854,1928,74,N_family
Bong2686,1854,1935,81,N_family
Bong2700,1854,1914,60,N_family
Bong3009,1854,1925,71,N_family
Buk587,1854,1876,22,N_family
Buk688,1854,1884,30,N_family
Bong1029,1855,1914,59,N_family
Bong1404,1855,1886,31,N_family
Bong1435,1855,1891,36,N_family
Bong1755,1855,1896,41,N_family
Bong2691,1855,1904,49,N_family
Bong2916,1855,1913,58,N_family
Buk1485,1855,1921,66,N_family
Ko971,1855,1874,19,N_family
Ko973,1855,1922,67,N_family
Ko1023,1855,1905,50,N_family
Ko1047,1855,1906,51,N_family
Bong1677,1856,1902,46,N_family
Bong1864,1856,1896,40,N_family
Bong2015,1856,1893,37,N_family
Bong2088,1856,1897,41,N_family
Bong2395,1856,1940,84,N_family
Bong2800,1856,1942,86,N_family
Bong2827,1856,1886,30,N_family
Bong2869,1856,1886,30,N_family
Ko592,1856,1887,31,N_family
Ko1097,1856,1937,81,N_family
Ko1147,1856,1916,60,N_family
Bong1290,1857,1883,26,N_family
Bong1389,1857,1928,71,N_family
Bong1764,1857,1882,25,N_family
Bong2114,1857,1918,61,N_family
Bong2158,1857,1928,71,N_family
Bong2532,1857,1908,51,N_family
Bong2552,1857,1889,32,N_family
Bong2751,1857,1883,26,N_family
Bong3130,1857,1909,52,N_family
Ko906,1857,1877,20,N_family
Bong1098,1858,1884,26,N_family
Bong1507,1858,1895,37,N_family
Bong1984,1858,1889,31,N_family
Bong2122,1858,1881,23,N_family
Bong2183,1858,1881,23,N_family
Bong2489,1858,1894,36,N_family
Bong2502,1858,1937,79,N_family
Bong2513,1858,1894,36,N_family
Bong2517,1858,1907,49,N_family
Bong3119,1858,1907,49,N_family
Bong3268,1858,1905,47,N_family
Buk1327,1858,1922,64,N_family
Ko924,1858,1887,29,N_family
Ko1043,1858,1899,41,N_family
Bong1491,1859,1903,44,N_family
Bong1715,1859,1895,36,N_family
Bong1798,1859,1911,52,N_family
Bong2262,1859,1897,38,N_family
Bong2394,1859,1919,60,N_family
Bong2794,1859,1911,52,N_family
Bong2924,1859,1908,49,N_family
Buk1260,1859,1910,51,N_family
Buk1545,1859,1906,47,N_family
Buk1646,1859,1936,77,N_family
Ko1110,1859,1876,17,N_family
Bong1302,1860,1937,77,N_family
Bong1542,1860,1925,65,N_family
Bong1865,1860,1940,80,N_family
Bong2117,1860,1935,75,N_family
Bong2333,1860,1892,32,N_family
Bong2540,1860,1909,49,N_family
Bong3363,1860,1943,83,N_family
Buk998,1860,1888,28,N_family
Buk1377,1860,1899,39,N_family
Ko967,1860,1907,47,N_family
Ko1091,1860,1907,47,N_family
Bong1092,1861,1902,41,N_family
Bong1375,1861,1895,34,N_family
Bong2468,1861,1910,49,N_family
Bong2494,1861,1925,64,N_family
Bong2525,1861,1930,69,N_family
Bong2602,1861,1944,83,N_family
Bong2870,1861,1942,81,N_family
Buk1492,1861,1914,53,N_family
Ko833,1861,1888,27,N_family
